71251230 0.294351388889 0.525631666667 0.294396944444 0.525702555556 3.22938268173e-09
83813681 0.518220805556 0.783678333333 0.51825625 0.783769444444 3.22938267161e-09
54865606 0.490076027778 0.738955555556 0.490142083333 0.739004444444 3.22938263017e-09
83372735 0.502106377778 0.759158888889 0.502149436111 0.759233888889 3.229374975e-09
42687154 0.531387222222 0.757493333333 0.531430277778 0.757568333333 3.2291667e-09
87198578 0.585453333333 0.849476111111 0.585496388889 0.849551111111 3.2291667e-09
1292796 0.5980475 0.684347222222 0.598090555556 0.684422222222 3.2291667e-09
10255284 0.593256111111 0.748405555556 0.593299166667 0.748480555556 3.2291667e-09
77105148 0.715022222222 0.582022222222 0.715065277778 0.582097222222 3.2291667e-09
60926254 0.298250833333 0.727526111111 0.298293888889 0.727601111111 3.2291667e-09
58032406 0.5641575 0.748762777778 0.564200555556 0.748837777778 3.2291667e-09
87354295 0.548519444444 0.795945555556 0.5485625 0.796020555556 3.2291667e-09
51698498 0.297873611111 0.754166666667 0.297916666667 0.754241666667 3.2291667e-09
776389 0.540921111111 0.782631111111 0.540964166667 0.782706111111 3.22916669999e-09
87176464 0.550656944444 0.765672777778 0.5507 0.765747777778 3.22916669999e-09
83286441 0.5116575 0.750591111111 0.511704 0.750660555556 3.2291666925e-09
48320293 0.584617777778 0.84987 0.584695277778 0.849911666667 3.2291666925e-09
37285548 0.237986388889 0.776518333333 0.238063888889 0.77656 3.2291666925e-09
37266612 0.594296388889 0.866455 0.594373888889 0.866496666667 3.2291666925e-09
50108026 0.604574166667 0.771364444444 0.604651666667 0.771406111111 3.2291666925e-09
47739398 0.514623694444 0.754821111111 0.514670194444 0.754890555556 3.2291666925e-09
83356038 0.514623694444 0.754821111111 0.514670194444 0.754890555556 3.2291666925e-09
47542011 0.571604444444 0.846618888889 0.571681944444 0.846660555556 3.22916669249e-09
64376933 0.600441111111 0.817368333333 0.600503611111 0.81742 3.22916668751e-09
86591930 0.529387777778 0.781713333333 0.529450277778 0.781765 3.22916668751e-09
20587903 0.589951666667 0.873298888889 0.590014166667 0.873350555556 3.2291666875e-09
11195256 0.719865833333 0.800828888889 0.719928333333 0.800880555556 3.2291666875e-09
49810415 0.555330833333 0.767598333333 0.555393333333 0.76765 3.2291666875e-09
1047067 0.637309444444 0.81662 0.637371944444 0.816671666667 3.2291666875e-09
46247711 0.525623472222 0.769808333333 0.525654722222 0.769911666667 3.2291666875e-09
87264757 0.543875555556 0.770753333333 0.543938055556 0.770805 3.2291666875e-09
29066791 0.454611388889 0.683633888889 0.454673888889 0.683685555556 3.2291666875e-09
34316275 0.584327777778 0.770233333333 0.584390277778 0.770285 3.2291666875e-09
48592685 0.607701388889 0.822632222222 0.607763888889 0.822683888889 3.2291666875e-09
81849648 0.570842222222 0.839023333333 0.570904722222 0.839075 3.2291666875e-09
23670180 0.7125775 0.854741111111 0.712615 0.854827222222 3.2291666625e-09
35846618 0.581130277778 0.788855 0.581167777778 0.788941111111 3.2291666625e-09
57658323 0.560334722222 0.745816111111 0.560372222222 0.745902222222 3.2291666625e-09
82743770 0.299840277778 0.730378888889 0.299877777778 0.730465 3.2291666625e-09
83113137 0.5249235 0.734397222222 0.524961 0.734483333333 3.2291666625e-09
1109976 0.312751944444 0.799946666667 0.312789444444 0.800032777778 3.2291666625e-09
85712367 0.271223333333 0.683433333333 0.271260833333 0.683519444444 3.2291666625e-09
34449464 0.671483333333 0.824596111111 0.671520833333 0.824682222222 3.2291666625e-09
535257 0.533583055556 0.786178333333 0.533620555556 0.786264444444 3.22916666249e-09
33073545 0.560599166667 0.71473 0.560636666667 0.714816111111 3.22916666249e-09
75678415 0.728531944444 0.637675 0.728569444444 0.637761111111 3.22916666249e-09
16001981 0.602247777778 0.680069444444 0.602290833333 0.680144444444 3.22916662501e-09
63187860 0.539051388889 0.548448611111 0.539094444444 0.548523611111 3.22916662501e-09
53751165 0.606809166667 0.796551666667 0.606871666667 0.796603333333 3.229166625e-09
82847734 0.551061944444 0.849880555556 0.551124444444 0.849932222222 3.229166625e-09
25046 0.528593333333 0.789972777778 0.528655833333 0.790024444444 3.229166625e-09
82066754 0.566753055556 0.824526111111 0.566796111111 0.824601111111 3.229166625e-09
85058866 0.672168888889 0.809661111111 0.672211944444 0.809736111111 3.229166625e-09
587754 0.318064444444 0.756545555556 0.318126944444 0.756597222222 3.229166625e-09
54802046 0.308634722222 0.768296666667 0.308697222222 0.768348333333 3.229166625e-09
36198836 0.337393055556 0.30717 0.337436111111 0.307245 3.229166625e-09
59218284 0.645985555556 0.790176111111 0.646028611111 0.790251111111 3.229166625e-09
47874462 0.574326666667 0.842099444444 0.574369722222 0.842174444444 3.229166625e-09
58312933 0.564573055556 0.749915 0.564616111111 0.74999 3.229166625e-09
82906416 0.570195277778 0.846645555556 0.570238333333 0.846720555556 3.229166625e-09
82099521 0.565083333333 0.764652777778 0.565145833333 0.764704444444 3.229166625e-09
1165848 0.558005277778 0.766027777778 0.558048333333 0.766102777778 3.22916662499e-09
51527924 0.299876666667 0.755976111111 0.299919722222 0.756051111111 3.22916662499e-09
55076637 0.614666111111 0.75815 0.614686944444 0.758305 3.22916661499e-09
435413 0.519497722222 0.793252222222 0.519553611111 0.79331 3.22913582131e-09
83351121 0.510897833333 0.777727222222 0.510934388889 0.777815555556 3.22907413771e-09
64881833 0.515675083333 0.788544444444 0.515744277778 0.788591111111 3.22907412307e-09
25928404 0.526870777778 0.789429444444 0.526932611111 0.789481666667 3.22907410476e-09
84143922 0.519775055556 0.783095 0.519829888889 0.783153888889 3.22907406053e-09
54834625 0.485769611111 0.716165555556 0.485824444444 0.716224444444 3.22907400571e-09
36382120 0.526833916667 0.805393333333 0.526899222222 0.805442777778 3.22899692239e-09
87107071 0.519498 0.742265 0.519563305556 0.742314444444 3.22899690653e-09
83280742 0.514055972222 0.764696111111 0.514101027778 0.764767777778 3.22898152836e-09
82481196 0.509056805556 0.752126111111 0.509101861111 0.752197777778 3.22898145668e-09
9430398 0.510813916667 0.74692 0.510899388889 0.746957777778 3.22895062788e-09
54710890 0.483308444444 0.737835 0.483360805556 0.737896666667 3.22893525745e-09
44639609 0.493594666667 0.796903333333 0.493647027778 0.796965 3.22893519579e-09
299931 0.516199194444 0.791021111111 0.516266 0.791069444444 3.22893518439e-09
80731662 0.524290222222 0.751516111111 0.524330583333 0.751596111111 3.22888888e-09
83199082 0.508355388889 0.765254444444 0.50839575 0.765334444444 3.22888888e-09
83229320 0.506545833333 0.737019444444 0.506586194444 0.737099444444 3.22888888e-09
85030067 0.521763083333 0.759446111111 0.521803444444 0.759526111111 3.22888887999e-09
86988976 0.56989 0.793986111111 0.569985277778 0.79402 3.2288580428e-09
32100312 0.524255916667 0.807075555556 0.524332388889 0.807117777778 3.22882713412e-09
87123200 0.488121166667 0.812297222222 0.488168416667 0.812365555556 3.2287500315e-09
449835 0.526509222222 0.802838333333 0.526556472222 0.802906666667 3.22875003149e-09
83118585 0.510537444444 0.746090555556 0.510568194444 0.746195555556 3.22875000001e-09
190982 0.526731388889 0.779049444444 0.526823638889 0.779084444444 3.22875e-09
83231426 0.499047936111 0.743752777778 0.499113236111 0.743802222222 3.2287221932e-09
993548 0.526461194444 0.754471111111 0.526505222222 0.754544444444 3.22870370533e-09
83201830 0.515135611111 0.750792222222 0.515188444444 0.750853333333 3.22870367746e-09
54836298 0.482219666667 0.712310555556 0.482259472222 0.712391666667 3.22867279002e-09
83365219 0.50451975 0.770285555556 0.504571638889 0.770347777778 3.22864197069e-09
83198156 0.5122015 0.76196 0.51225075 0.762025555556 3.228611133e-09
83246181 0.517314083333 0.765642777778 0.517363333333 0.765708333333 3.22861108375e-09
82876101 0.519893833333 0.769988888889 0.519969305556 0.770031666667 3.22853400066e-09
83163056 0.495796055556 0.769317222222 0.495859916667 0.769367777778 3.22853397338e-09
65759296 0.509442611111 0.785074444444 0.509506472222 0.785125 3.22853397338e-09
36565744 0.519363777778 0.783199444444 0.519426944444 0.783250555556 3.22851854059e-09
15906531 0.49221375 0.789122777778 0.492276916667 0.789173888889 3.22851852854e-09
69984861 0.294953055556 0.528292944444 0.294991388889 0.528377166667 3.22851852026e-09
43323567 0.512329166667 0.779441111111 0.512373527778 0.779513888889 3.22850308819e-09
126218 0.521782666667 0.766710555556 0.521827027778 0.766783333333 3.22850304383e-09
47073642 0.496258944444 0.803529444444 0.496307777778 0.803595555556 3.22842601341e-09
83146246 0.512472833333 0.750536666667 0.512521666667 0.750602777778 3.22842596458e-09
660771 0.513231916667 0.759927222222 0.51328075 0.759993333333 3.22842589846e-09
83171793 0.500123523611 0.753573333333 0.500163600278 0.753653888889 3.22839819281e-09
83286964 0.512483333333 0.748980555556 0.512541444444 0.749036111111 3.22839502327e-09
70918066 0.495918277778 0.803657222222 0.495960694444 0.803733333333 3.22837957417e-09
80612402 0.516320722222 0.825798333333 0.51639925 0.825839444444 3.22836419794e-09
87095913 0.521717444444 0.768593888889 0.521756444444 0.768676666667 3.228333342e-09
18891006 0.518502638889 0.783214444444 0.518544444444 0.783291666667 3.22831789086e-09
42221992 0.497116111111 0.782613333333 0.497172527778 0.782670555556 3.22828709999e-09
85630375 0.579989722222 0.865848888889 0.580091666667 0.865880555556 3.22824079231e-09
42808548 0.303558055556 0.959737222222 0.30366 0.959768888889 3.22824076065e-09
443216 0.514402666667 0.792813333333 0.514463833333 0.792866111111 3.22824071916e-09
353107 0.515171166667 0.790906666667 0.515222138889 0.79097 3.22824070967e-09
67928989 0.512532527778 0.76698 0.512583055556 0.767043888889 3.22816360006e-09
86687176 0.488351694444 0.810583888889 0.488406 0.810643333333 3.22816358253e-09
75904686 0.525351166667 0.757694444444 0.525401694444 0.757758333333 3.22816353617e-09
83320335 0.510749805556 0.749144444444 0.510800333333 0.749208333333 3.22816353617e-09
1092592 0.477813027778 0.798286666667 0.477867333333 0.798346111111 3.22816352309e-09
83260994 0.497490741667 0.773835 0.497536494444 0.773905555556 3.22811261978e-09
86902592 0.523184722222 0.790926666667 0.52325075 0.790975555556 3.22802470956e-09
83121855 0.514248111111 0.743957222222 0.514301416667 0.744017777778 3.22794758147e-09
80189567 0.525242694444 0.785960555556 0.525300222222 0.786016666667 3.22794753695e-09
43832624 0.515347222222 0.743891666667 0.515391916667 0.743963888889 3.22793212896e-09
83142232 0.511050361111 0.762385555556 0.511095055556 0.762457777778 3.22793212896e-09
79693908 0.513104555556 0.791102222222 0.513145472222 0.791181111111 3.22787032233e-09
83319108 0.517633805556 0.755927777778 0.517674722222 0.756006666667 3.22787032232e-09
642948 0.52325375 0.763461111111 0.523305166667 0.763523888889 3.22782410643e-09
83343865 0.496454611111 0.757790555556 0.496506027778 0.757853333333 3.22782405501e-09
83131886 0.507859861111 0.750801666667 0.507911277778 0.750864444444 3.22782405501e-09
59422877 0.496228666667 0.782152777778 0.496280083333 0.782215555556 3.22782404365e-09
47604357 0.570150833333 0.837384444444 0.570220833333 0.837430555556 3.22777784e-09
13566139 0.275814444444 0.679943888889 0.2758375 0.680083888889 3.22777784e-09
256202 0.286559444444 0.760631111111 0.286605555556 0.760701111111 3.22777784e-09
87199885 0.580311944444 0.82873 0.580358055556 0.8288 3.22777784e-09
85077624 0.267069444444 0.688171111111 0.267115555556 0.688241111111 3.22777783999e-09
87005204 0.5819675 0.794683888889 0.582036666667 0.794730555556 3.2277778164e-09
9861292 0.337214444444 0.793102222222 0.337283611111 0.793148888889 3.22777781639e-09
65770845 0.668244722222 0.805238888889 0.668313888889 0.805285555556 3.22777781639e-09
47448447 0.604999444444 0.802404444444 0.605068611111 0.802451111111 3.22777781638e-09
1049058 0.2327225 0.658869444444 0.2327575 0.658961666667 3.227777805e-09
49046323 0.540298611111 0.813584444444 0.540333611111 0.813676666667 3.227777805e-09
308832 0.504790694444 0.754093888889 0.504871388889 0.754133888889 3.2277778e-09
386233 0.524720777778 0.769808888889 0.524762277778 0.769886666667 3.227777787e-09
7206561 0.552653611111 0.74324 0.552699722222 0.74331 3.22777777e-09
8411491 0.538915833333 0.778465 0.538985833333 0.778511111111 3.22777777e-09
30980694 0.638609722222 0.823201111111 0.638655833333 0.823271111111 3.22777777e-09
34382764 0.235095277778 0.811743888889 0.235165277778 0.81179 3.22777777e-09
38365086 0.533456666667 0.794731666667 0.533502777778 0.794801666667 3.22777777e-09
48573767 0.578644444444 0.847977777778 0.578714444444 0.848023888889 3.22777777e-09
52454490 0.561909722222 0.771247222222 0.561955833333 0.771317222222 3.22777777e-09
56095067 0.616518333333 0.745957777778 0.616564444444 0.746027777778 3.22777777e-09
57977053 0.540923611111 0.708977222222 0.540969722222 0.709047222222 3.22777777e-09
85844606 0.566532222222 0.783461666667 0.566578333333 0.783531666667 3.22777777e-09
124797 0.533060555556 0.778828333333 0.533106666667 0.778898333333 3.22777777e-09
5620679 0.314597222222 0.799786111111 0.314667222222 0.799832222222 3.22777777e-09
8601479 0.561543611111 0.850326666667 0.561613611111 0.850372777778 3.22777777e-09
24529396 0.536843055556 0.729595555556 0.536889166667 0.729665555556 3.22777777e-09
33859265 0.528594722222 0.807819444444 0.528640833333 0.807889444444 3.22777777e-09
44242096 0.544368611111 0.786627777778 0.544414722222 0.786697777778 3.22777777e-09
58872008 0.712590833333 0.567658333333 0.712636944444 0.567728333333 3.22777777e-09
77574778 0.597122222222 0.68232 0.597168333333 0.68239 3.22777777e-09
85564683 0.562843611111 0.788890555556 0.562913611111 0.788936666667 3.22777777e-09
800503 0.297039722222 0.201637777778 0.297109722222 0.201683888889 3.22777777e-09
4463115 0.617231666667 0.802333888889 0.617323888889 0.802368888889 3.22777777e-09
21635704 0.528248055556 0.7886 0.528340277778 0.788635 3.22777777e-09
59740626 0.564529444444 0.760716666667 0.564564444444 0.760808888889 3.22777777e-09
276089 0.535535277778 0.73565 0.535570277778 0.735742222222 3.22777777e-09
1014223 0.533814166667 0.788058333333 0.533906388889 0.788093333333 3.22777777e-09
1996590 0.271123611111 0.726270555556 0.271169722222 0.726340555556 3.22777777e-09
33628283 0.592209444444 0.751361666667 0.592244444444 0.751453888889 3.22777777e-09
43476568 0.618615555556 0.780265555556 0.618650555556 0.780357777778 3.22777777e-09
47402603 0.55132 0.755335555556 0.551355 0.755427777778 3.22777777e-09
47890740 0.55132 0.755335555556 0.551355 0.755427777778 3.22777777e-09
58152530 0.572607222222 0.754156666667 0.572642222222 0.754248888889 3.22777777e-09
85681903 0.597111388889 0.828575 0.597203611111 0.82861 3.22777777e-09
86989057 0.570114722222 0.790646666667 0.570149722222 0.790738888889 3.22777777e-09
86995936 0.576005555556 0.795506666667 0.576040555556 0.795598888889 3.22777777e-09
47005505 0.552641388889 0.771747777778 0.552711388889 0.771793888889 3.22777777e-09
87111824 0.5734375 0.845483333333 0.5735075 0.845529444444 3.22777777e-09
33782726 0.606588333333 0.794042222222 0.606634444444 0.794112222222 3.22777777e-09
36423160 0.6063525 0.755338333333 0.606398611111 0.755408333333 3.22777777e-09
16964361 0.347988888889 0.350618333333 0.348035 0.350688333333 3.22777777e-09
47604695 0.571481388889 0.837240555556 0.5715275 0.837310555556 3.22777777e-09
77375357 0.572095 0.801451666667 0.572141111111 0.801521666667 3.22777777e-09
85273844 0.537758888889 0.802941666667 0.537805 0.803011666667 3.22777777e-09
1166783 0.530039722222 0.760841666667 0.530085833333 0.760911666667 3.22777777e-09
3670674 0.551262222222 0.740084444444 0.551308333333 0.740154444444 3.22777777e-09
36755350 0.669763611111 0.806585555556 0.669809722222 0.806655555556 3.22777777e-09
57835113 0.572031111111 0.748609444444 0.572077222222 0.748679444444 3.22777777e-09
82063856 0.566099166667 0.826132222222 0.566145277778 0.826202222222 3.22777777e-09
82065243 0.571925555556 0.825063888889 0.571971666667 0.825133888889 3.22777777e-09
85847928 0.566903611111 0.776133888889 0.566973611111 0.77618 3.22777777e-09
87182747 0.537575555556 0.797395555556 0.537621666667 0.797465555556 3.22777777e-09
63950813 0.282105833333 0.746400555556 0.282151944444 0.746470555556 3.22777777e-09
24303485 0.613187777778 0.856753888889 0.613256944444 0.856800555556 3.22777776972e-09
3576740 0.551032777778 0.742071111111 0.551101944444 0.742117777778 3.22777776972e-09
35257495 0.228024166667 0.806203333333 0.228093333333 0.80625 3.22777776972e-09
48613353 0.577590555556 0.849633888889 0.577659722222 0.849680555556 3.22777776972e-09
58414547 0.563573055556 0.762097222222 0.563642222222 0.762143888889 3.22777776972e-09
58255657 0.516747055556 0.791705 0.516811611111 0.791755 3.22777775e-09
87350510 0.487968305556 0.810122777778 0.488032861111 0.810172777778 3.22777775e-09
51899896 0.6484975 0.819846666667 0.648566666667 0.819893333333 3.22777774722e-09
58340395 0.564242222222 0.747406111111 0.564380555556 0.747429444444 3.22777774722e-09
27671080 0.540065 0.838697777778 0.540134166667 0.838744444444 3.22777774722e-09
19318609 0.570225277778 0.850985555556 0.570294444444 0.851032222222 3.22777770056e-09
83173210 0.501574383333 0.737833333333 0.501607966667 0.737929444444 3.22773154183e-09
72367779 0.521187777778 0.744019444444 0.52125025 0.744071111111 3.22773149083e-09
83162504 0.505000555556 0.767948888889 0.505063027778 0.768000555556 3.22773149083e-09
80519295 0.294757222222 0.547672111111 0.294799444444 0.547748555556 3.22765432746e-09
30014840 0.573821111111 0.813023333333 0.573886388889 0.813072777778 3.22762350404e-09
672896 0.2947775 0.751724444444 0.294842777778 0.751773888889 3.22762350404e-09
86995516 0.5754525 0.796259444444 0.575517777778 0.796308888889 3.22762350404e-09
1017514 0.531759444444 0.784941111111 0.531824722222 0.784990555556 3.22762350404e-09
79096795 0.731200555556 0.807957222222 0.731265833333 0.808006666667 3.2276234546e-09
49046744 0.577124166667 0.842769444444 0.577189444444 0.842818888889 3.2276234546e-09
34166117 0.237130555556 0.813093333333 0.237195833333 0.813142777778 3.2276234546e-09
39340905 0.573949166667 0.737418333333 0.574014444444 0.737467777778 3.2276234546e-09
39341268 0.573949166667 0.737418333333 0.574014444444 0.737467777778 3.2276234546e-09
49053098 0.576555555556 0.840937222222 0.576620833333 0.840986666667 3.2276234546e-09
85531022 0.670830555556 0.805143333333 0.670895833333 0.805192777778 3.2276234546e-09
6370558 0.5427375 0.820336666667 0.542802777778 0.820386111111 3.22762343877e-09
47874081 0.574552222222 0.841715 0.5746175 0.841764444444 3.22762343877e-09
83047193 0.264992222222 0.737558888889 0.2650575 0.737608333333 3.22762343877e-09
15594215 0.6655125 0.820695 0.665577777778 0.820744444444 3.22762343877e-09
71208826 0.5318275 0.823945555556 0.531892777778 0.823995 3.22762343877e-09
86491305 0.598418888889 0.824808888889 0.598484166667 0.824858333333 3.22762343877e-09
87376159 0.511012777778 0.78511 0.511078055556 0.785159444444 3.22762343877e-09
52147291 0.612816388889 0.858450555556 0.612881666667 0.8585 3.22762343876e-09
21010142 0.233198055556 0.773782777778 0.233263333333 0.773832222222 3.22762338932e-09
55397762 0.543481666667 0.757553888889 0.543546944444 0.757603333333 3.22762338932e-09
75322749 0.522615277778 0.846725555556 0.522665361111 0.84679 3.22759254886e-09
1107622 0.499741515833 0.785931111111 0.499784871389 0.786005555556 3.22758030409e-09
83328926 0.497945197222 0.767167222222 0.497985541667 0.767247222222 3.2275556e-09
72432836 0.516223222222 0.795942222222 0.516334944444 0.795971111111 3.2275308702e-09
83194213 0.518041388889 0.740338333333 0.51809725 0.740396111111 3.22753087019e-09
83336213 0.501499391667 0.746701111111 0.501550802778 0.746763888889 3.22747531309e-09
83221288 0.501490241667 0.751000555556 0.501535627778 0.751071666667 3.22745677718e-09
83241939 0.526203583333 0.736907222222 0.526239666667 0.736996666667 3.22745378338e-09
83281916 0.517407472222 0.767997777778 0.517462277778 0.768056666667 3.22743830387e-09
83292705 0.501367147222 0.760045 0.501430291667 0.760096111111 3.22738273743e-09
83376700 0.498099761111 0.746575 0.498135619444 0.746665 3.22724997e-09
83167967 0.489855111111 0.769137222222 0.489901583333 0.769206666667 3.22723766471e-09
83120483 0.514686083333 0.748463333333 0.514738416667 0.748525 3.22722228078e-09
87058525 0.521520083333 0.768772222222 0.521572416667 0.768833888889 3.22722228077e-09
83300301 0.49128275 0.766976111111 0.491322 0.767058333333 3.2272222135e-09
24164972 0.527263166667 0.763700555556 0.527302416667 0.763782777778 3.22722221349e-09
63855700 0.499207002778 0.719995555556 0.499253105556 0.720065555556 3.22719446e-09
81603319 0.493596694444 0.781796111111 0.493669305556 0.781840555556 3.22716057367e-09
18351214 0.526652916667 0.792803333333 0.52671675 0.792853888889 3.22712964115e-09
54612789 0.507149277778 0.720235555556 0.507192305556 0.720310555556 3.22708335e-09
86435291 0.527129694444 0.789652222222 0.527174722222 0.789723888889 3.22699077167e-09
83244036 0.506083166667 0.765876666667 0.506130777778 0.765944444444 3.22697526407e-09
83307767 0.497443822222 0.744048333333 0.497479025 0.74414 3.2269213284e-09
1007297 0.560364722222 0.850098333333 0.560433055556 0.850145555556 3.22685193648e-09
83580254 0.887308333333 0.794098333333 0.887355555556 0.794166666667 3.22685193648e-09
85064969 0.264639444444 0.689138333333 0.264686666667 0.689206666667 3.22685193648e-09
86592635 0.550700833333 0.802583333333 0.550748055556 0.802651666667 3.22685193648e-09
53043554 0.184544444444 0.798352222222 0.184591666667 0.798420555556 3.22685193648e-09
62459659 0.610405833333 0.782439444444 0.610453055556 0.782507777778 3.22685193648e-09
83816592 0.545735833333 0.756097222222 0.545783055556 0.756165555556 3.22685193648e-09
81669271 0.781913888889 0.898983333333 0.782027777778 0.899011666667 3.22685193094e-09
50266699 0.522112083333 0.748669444444 0.522170166667 0.748725 3.22685191471e-09
32797864 0.687911944444 0.836247222222 0.687982777778 0.836292777778 3.22685191371e-09
59023034 0.558627222222 0.771675 0.558698055556 0.771720555556 3.22685191371e-09
5159733 0.693451944444 0.885068333333 0.693522777778 0.885113888889 3.2268519137e-09
28190357 0.636679444444 0.816311111111 0.636750277778 0.816356666667 3.2268519137e-09
8435612 0.609784722222 0.841322222222 0.609855555556 0.841367777778 3.2268519137e-09
650642 0.594729722222 0.865495 0.594800555556 0.865540555556 3.2268519137e-09
82072778 0.561564722222 0.822152222222 0.561635555556 0.822197777778 3.2268519137e-09
6406663 0.55351 0.748919444444 0.553544166667 0.749013888889 3.22685190232e-09
76576876 0.281144444444 0.747222222222 0.281178611111 0.747316666667 3.22685190232e-09
6665238 0.533601944444 0.800116111111 0.533658888889 0.800172777778 3.22685190232e-09
24650384 0.322073333333 0.756131111111 0.322130277778 0.756187777778 3.22685190232e-09
47490980 0.555080833333 0.758091111111 0.555137777778 0.758147777778 3.22685190232e-09
50745519 0.543789444444 0.812041111111 0.543846388889 0.812097777778 3.22685190232e-09
83289592 0.514592583333 0.743105 0.514649527778 0.743161666667 3.22685190232e-09
58482847 0.573902222222 0.750206111111 0.573959166667 0.750262777778 3.22685190231e-09
87385856 0.561223611111 0.839286111111 0.561280555556 0.839342777778 3.22685190231e-09
7034699 0.532793333333 0.790354444444 0.532850277778 0.790411111111 3.22685190231e-09
53828010 0.598088333333 0.834572222222 0.598145277778 0.834628888889 3.22685190231e-09
47834334 0.158283333333 0.797436111111 0.158330555556 0.797504444444 3.22685188926e-09
18725306 0.972558333333 0.24502 0.972605555556 0.245088333333 3.22685188926e-09
11328469 0.244480833333 0.719906111111 0.244528055556 0.719974444444 3.22685188926e-09
52855460 0.183008333333 0.797980555556 0.183055555556 0.798048888889 3.22685188926e-09
49062828 0.219858333333 0.805555555556 0.219905555556 0.805623888889 3.22685188926e-09
10842720 0.822383333333 0.323671111111 0.822430555556 0.323739444444 3.22685188926e-09
58129245 0.572531944444 0.763190555556 0.572579166667 0.763258888889 3.22685188926e-09
83252333 0.512182361111 0.753748333333 0.512250694444 0.753795555556 3.22685188926e-09
30528414 0.705143333333 0.813108888889 0.705190555556 0.813177222222 3.22685188925e-09
49971352 0.555330833333 0.771112777778 0.555378055556 0.771181111111 3.22685188925e-09
580450 0.0280666666667 0.393947222222 0.0281138888889 0.394015555556 3.22685188181e-09
51735835 0.588305555556 0.873455 0.588376388889 0.873500555556 3.22685186815e-09
332138 0.285623055556 0.74618 0.285693888889 0.746225555556 3.22685186815e-09
6271501 0.549077222222 0.739242222222 0.549124444444 0.739310555556 3.22685186815e-09
11095471 0.906697222222 0.268244444444 0.906744444444 0.268312777778 3.22685186815e-09
13089226 0.789486111111 0.795033333333 0.789533333333 0.795101666667 3.22685186815e-09
35896134 0.592453888889 0.878152222222 0.592501111111 0.878220555556 3.22685186815e-09
84199360 0.530354722222 0.789464444444 0.530401944444 0.789532777778 3.22685186815e-09
309114 0.682109722222 0.816905555556 0.682178055556 0.816952777778 3.22685186815e-09
51822176 0.612396944444 0.857936111111 0.612465277778 0.857983333333 3.22685186815e-09
58114359 0.563944722222 0.765579444444 0.563991944444 0.765647777778 3.22685186815e-09
82057793 0.568813333333 0.828173888889 0.568881666667 0.828221111111 3.22685186815e-09
615301 0.181997222222 0.791857222222 0.182044444444 0.791925555556 3.22685186815e-09
711477 0.170861111111 0.691333333333 0.170908333333 0.691401666667 3.22685186815e-09
33341846 0.170861111111 0.691333333333 0.170908333333 0.691401666667 3.22685186815e-09
82041710 0.569635 0.826622222222 0.569705833333 0.826667777778 3.22685186815e-09
28659506 0.158738888889 0.753638333333 0.158786111111 0.753706666667 3.22685186815e-09
77574859 0.168511111111 0.695743333333 0.168558333333 0.695811666667 3.22685186815e-09
85077350 0.266966944444 0.688705 0.267001111111 0.688799444444 3.22685186815e-09
5959464 0.169152777778 0.704149444444 0.1692 0.704217777778 3.22685186815e-09
13078175 0.720061388889 0.799655 0.720132222222 0.799700555556 3.22685186815e-09
36582060 0.597686111111 0.789057222222 0.597733333333 0.789125555556 3.22685186815e-09
777680 0.16085 0.716683333333 0.160897222222 0.716751666667 3.22685186815e-09
52802491 0.560223611111 0.772898333333 0.560270833333 0.772966666667 3.22685186814e-09
37288422 0.815263888889 0.789677222222 0.815311111111 0.789745555556 3.22685186814e-09
74959883 0.81535 0.788889444444 0.815397222222 0.788957777778 3.22685186814e-09
85957547 0.535256944444 0.78588 0.535325277778 0.785927222222 3.22685186814e-09
87001527 0.578861111111 0.807042222222 0.578908333333 0.807110555556 3.22685186814e-09
34384413 0.234027777778 0.809973333333 0.234098611111 0.810018888889 3.22685186814e-09
3648053 0.549741111111 0.746982777778 0.549775277778 0.747077222222 3.22685186814e-09
18727860 0.647528611111 0.876131666667 0.647562777778 0.876226111111 3.22685186814e-09
1160493 0.822336111111 0.320769444444 0.822383333333 0.320837777778 3.22685186814e-09
58930644 0.668531111111 0.816967222222 0.668601944444 0.817012777778 3.22685186814e-09
67105466 0.542397222222 0.765798888889 0.542465555556 0.765846111111 3.22685186814e-09
18750454 0.555585277778 0.854747222222 0.555642222222 0.854803888889 3.22685184565e-09
34703795 0.5889 0.774227222222 0.588956944444 0.774283888889 3.22685184565e-09
44276004 0.6687325 0.823813888889 0.668789444444 0.823870555556 3.22685184565e-09
37945707 0.332945 0.302889444444 0.333001944444 0.302946111111 3.22685184565e-09
7712254 0.552350277778 0.782744444444 0.552407222222 0.782801111111 3.22685184565e-09
25111165 0.56361 0.817206111111 0.563666944444 0.817262777778 3.22685184565e-09
31923433 0.600126388889 0.782778333333 0.600183333333 0.782835 3.22685184565e-09
51620164 0.589508055556 0.731553888889 0.589565 0.731610555556 3.22685184565e-09
74816258 0.555043888889 0.767651111111 0.555100833333 0.767707777778 3.22685184565e-09
82058669 0.563154166667 0.826751111111 0.563211111111 0.826807777778 3.22685184565e-09
230786 0.603893333333 0.805797777778 0.603950277778 0.805854444444 3.22685184537e-09
1113209 0.318919722222 0.798872777778 0.318976666667 0.798929444444 3.22685184537e-09
47874948 0.572606111111 0.841345555556 0.572663055556 0.841402222222 3.22685184537e-09
58588366 0.574923333333 0.753282777778 0.574980277778 0.753339444444 3.22685184537e-09
23500626 0.318469166667 0.757396666667 0.318516388889 0.757465 3.22685182093e-09
57710165 0.578979166667 0.821111111111 0.579026388889 0.821179444444 3.22685182093e-09
68280997 0.896775 0.748185 0.896822222222 0.748253333333 3.22685182093e-09
78574048 0.87495 0.696436666667 0.874997222222 0.696505 3.22685182093e-09
50725825 0.532596666667 0.792137777778 0.532643888889 0.792206111111 3.22685182093e-09
33999311 0.206366666667 0.684941666667 0.206413888889 0.68501 3.22685182093e-09
56387845 0.2456675 0.665247222222 0.245735833333 0.665294444444 3.22685182093e-09
74921695 0.925252777778 0.346805555556 0.9253 0.346873888889 3.22685182093e-09
15295229 0.170941666667 0.785933888889 0.170988888889 0.786002222222 3.22685182093e-09
491575 0.184375 0.796911666667 0.184422222222 0.79698 3.22685182093e-09
43244036 0.286067777778 0.71742 0.286115 0.717488333333 3.22685182093e-09
74259336 0.794011111111 0.602982777778 0.794058333333 0.603051111111 3.22685182093e-09
36164435 0.593528611111 0.856288888889 0.593575833333 0.856357222222 3.22685182093e-09
58434982 0.576105 0.755501666667 0.576152222222 0.75557 3.22685182093e-09
72549886 0.601553055556 0.815260555556 0.601621388889 0.815307777778 3.22685182093e-09
82048408 0.569399722222 0.826116666667 0.569446944444 0.826185 3.22685182093e-09
891647 0.162138888889 0.711697777778 0.162186111111 0.711766111111 3.22685182092e-09
633632 0.161377777778 0.713266111111 0.161425 0.713334444444 3.22685182092e-09
83629697 0.160861111111 0.70767 0.160908333333 0.707738333333 3.22685182092e-09
6881676 0.547241111111 0.746342777778 0.547288333333 0.746411111111 3.22685182092e-09
86553498 0.814725 0.806605555556 0.814772222222 0.806673888889 3.22685182092e-09
16859766 0.822072222222 0.672281111111 0.822119444444 0.672349444444 3.22685182092e-09
42227213 0.837527777778 0.716837777778 0.837575 0.716906111111 3.22685182092e-09
70786066 0.897013888889 0.84764 0.897061111111 0.847708333333 3.22685182092e-09
55554 0.258873611111 0.721726111111 0.258920833333 0.721794444444 3.22685182092e-09
50519859 0.221697222222 0.763736666667 0.221744444444 0.763805 3.22685182092e-09
1026126 0.217513888889 0.608593888889 0.217561111111 0.608662222222 3.22685182092e-09
22090843 0.150647222222 0.827631666667 0.150694444444 0.8277 3.22685182092e-09
54836040 0.481374361111 0.714680555556 0.481397972222 0.714817222222 3.22685182092e-09
30806586 0.833988888889 0.628815 0.834036111111 0.628883333333 3.22685182092e-09
26446379 0.5379175 0.836407777778 0.537985833333 0.836455 3.22685182092e-09
30242266 0.511577361111 0.787801111111 0.511624583333 0.787869444444 3.22685182092e-09
86421666 0.555054166667 0.878756666667 0.555101388889 0.878825 3.22685182092e-09
87031523 0.891352777778 0.71725 0.8914 0.717318333333 3.22685182092e-09
80723322 0.5326 0.827322222222 0.532628333333 0.827436111111 3.22685181704e-09
82709208 0.295825555556 0.732838333333 0.295859722222 0.732932777778 3.22685180788e-09
58123252 0.555692777778 0.753050555556 0.555763611111 0.753096111111 3.22685179732e-09
25382762 0.6584875 0.873782777778 0.658558333333 0.873828333333 3.22685179732e-09
84300782 0.604243888889 0.812777777778 0.604314722222 0.812823333333 3.22685179732e-09
75249113 0.5422475 0.775135555556 0.542318333333 0.775181111111 3.22685179731e-09
57651282 0.5310075 0.788791666667 0.531064444444 0.788848333333 3.22685178871e-09
81310643 0.891655555556 0.288920555556 0.891769444444 0.288948888889 3.2268517887e-09
899631 0.109080555556 0.845910555556 0.109194444444 0.845938888889 3.2268517887e-09
6321473 0.551104166667 0.745952777778 0.551161111111 0.746009444444 3.2268517887e-09
33636559 0.606437777778 0.791542777778 0.606494722222 0.791599444444 3.2268517887e-09
85605515 0.604666388889 0.799551666667 0.604723333333 0.799608333333 3.2268517887e-09
87388532 0.561126388889 0.841901666667 0.561183333333 0.841958333333 3.2268517887e-09
22595744 0.523882861111 0.761575555556 0.523932083333 0.761641111111 3.22679008154e-09
83194615 0.517375611111 0.745731111111 0.517457416667 0.745770555556 3.22677475434e-09
83367584 0.492857611111 0.766269444444 0.492895083333 0.766355555556 3.22677470553e-09
83206919 0.50516625 0.771643333333 0.505203722222 0.771729444444 3.22677466806e-09
83269765 0.497618436111 0.738825555556 0.497654511111 0.738915 3.2267083173e-09
58389947 0.574472777778 0.760188333333 0.574529166667 0.760245555556 3.22669758109e-09
40474914 0.5373775 0.821638333333 0.537433888889 0.821695555556 3.22669758109e-09
82056881 0.571426111111 0.822419444444 0.5714825 0.822476666667 3.22669758109e-09
47541561 0.569813333333 0.848013333333 0.569869722222 0.848070555556 3.22669758108e-09
12654988 0.533310277778 0.787844444444 0.533366666667 0.787901666667 3.22669758108e-09
41745146 0.605783888889 0.811543333333 0.605840277778 0.811600555556 3.22669758108e-09
82043451 0.569001666667 0.823834444444 0.569058055556 0.823891666667 3.22669758108e-09
52958555 0.547731388889 0.757972777778 0.54776 0.758085555556 3.2266975247e-09
40479645 0.593738333333 0.796793888889 0.593794722222 0.796851111111 3.22669752469e-09
60968267 0.589971666667 0.884500555556 0.590028055556 0.884557777778 3.22669752469e-09
994705 0.541880833333 0.767676666667 0.541937222222 0.767733888889 3.22669752469e-09
13145348 0.671113611111 0.805868888889 0.67117 0.805926111111 3.22669752469e-09
47581859 0.5717975 0.84194 0.571853888889 0.841997222222 3.22669752469e-09
58215217 0.5751375 0.759250555556 0.575193888889 0.759307777778 3.22669752469e-09
22777747 0.301391944444 0.736491666667 0.301448333333 0.736548888889 3.22669752469e-09
32256423 0.333981111111 0.334417222222 0.334009722222 0.33453 3.22669752469e-09
9603239 0.273824166667 0.737407222222 0.273880555556 0.737464444444 3.22669752469e-09
50251963 0.289942222222 0.760565555556 0.289998611111 0.760622777778 3.22669752469e-09
557899 0.5851575 0.7807 0.585213888889 0.780757222222 3.22669752469e-09
81276751 0.528131944444 0.829446111111 0.528188333333 0.829503333333 3.22669752469e-09
82058588 0.572818888889 0.826445 0.572875277778 0.826502222222 3.22669752469e-09
87014672 0.682121111111 0.817241111111 0.6821775 0.817298333333 3.22669752469e-09
1051915 0.637619722222 0.826311111111 0.637676111111 0.826368333333 3.22669752469e-09
3670600 0.5476775 0.743375 0.547733888889 0.743432222222 3.22669752469e-09
25630596 0.738915833333 0.801560555556 0.738972222222 0.801617777778 3.22669752469e-09
34895325 0.533552222222 0.788337222222 0.533608611111 0.788394444444 3.22669752469e-09
42707232 0.550791388889 0.773842777778 0.550847777778 0.7739 3.22669752469e-09
47466670 0.605067777778 0.81119 0.605124166667 0.811247222222 3.22669752469e-09
49199257 0.625284444444 0.801282777778 0.625340833333 0.80134 3.22669752469e-09
74752112 0.608671111111 0.788527222222 0.6087275 0.788584444444 3.22669752469e-09
85754385 0.591975555556 0.852909444444 0.592031944444 0.852966666667 3.22669752386e-09
46198884 0.661613055556 0.804423333333 0.661669444444 0.804480555556 3.22669752385e-09
46757604 0.551148333333 0.793386666667 0.551176944444 0.793499444444 3.22669749609e-09
25416645 0.525864305556 0.771756111111 0.525920694444 0.771813333333 3.22669746747e-09
70819905 0.537078055556 0.753786666667 0.537134444444 0.753843888889 3.22669746747e-09
36109455 0.592670555556 0.793995 0.592726944444 0.794052222222 3.22669746747e-09
85717171 0.263850555556 0.684447222222 0.263906944444 0.684504444444 3.22669746747e-09
47581199 0.572033055556 0.841135555556 0.572089444444 0.841192777778 3.22669746747e-09
83254391 0.500318019444 0.771635 0.500356483333 0.771718888889 3.22669291483e-09
83326794 0.501908611111 0.760001666667 0.501971741667 0.760052777778 3.2266728552e-09
83247968 0.509640361111 0.775548888889 0.509694138889 0.775608888889 3.22666668e-09
83166278 0.492921388889 0.764432222222 0.492987388889 0.764481111111 3.226666674e-09
83134716 0.515368472222 0.763446111111 0.515428972222 0.763499444444 3.2266666465e-09
83145354 0.513183666667 0.749761666667 0.513233305556 0.749826666667 3.226527785e-09
87223933 0.512077361111 0.783840555556 0.512127 0.783905555556 3.226527785e-09
83313479 0.519307972222 0.772483888889 0.519357611111 0.772548888889 3.226527785e-09
52151290 0.521848111111 0.790966666667 0.521918083333 0.791012777778 3.22649689556e-09
83359495 0.502765244444 0.776233333333 0.502820555556 0.776291666667 3.22648157021e-09
54859289 0.492099444444 0.709592222222 0.492150388889 0.709655555556 3.22648155063e-09
649617 0.51490325 0.784099444444 0.514946916667 0.784173333333 3.22648151096e-09
396176 0.522278611111 0.774791111111 0.522329555556 0.774854444444 3.22648149968e-09
23460164 0.523937416667 0.746718333333 0.523981083333 0.746792222222 3.22648143707e-09
83222588 0.499256022222 0.754900555556 0.499297211111 0.754978888889 3.22646295794e-09
1045033 0.478651333333 0.798211666667 0.478691111111 0.798292777778 3.22641976669e-09
525060 0.518226333333 0.794138888889 0.518268416667 0.794215555556 3.22638895402e-09
26663287 0.617662777778 0.818894444444 0.617720277778 0.818950555556 3.22638894e-09
920185 0.603879722222 0.804914444444 0.603937222222 0.804970555556 3.22638894e-09
32187396 0.538593611111 0.771754444444 0.538651111111 0.771810555556 3.22638894e-09
67068157 0.816705555556 0.487586222222 0.816730555556 0.487715277778 3.22638890001e-09
83197815 0.516591722222 0.758202222222 0.516642222222 0.758266111111 3.2263888945e-09
31630083 0.599224722222 0.684563333333 0.599282222222 0.684619444444 3.2263888825e-09
43606082 0.568824166667 0.835447222222 0.568881666667 0.835503333333 3.2263888825e-09
47560736 0.572742777778 0.849743333333 0.572800277778 0.849799444444 3.2263888825e-09
50876964 0.593906111111 0.750228888889 0.593963611111 0.750285 3.2263888825e-09
181239 0.573666111111 0.820108333333 0.573723611111 0.820164444444 3.2263888825e-09
3576757 0.550515555556 0.742092777778 0.550573055556 0.742148888889 3.2263888825e-09
14720497 0.532568888889 0.789437222222 0.532626388889 0.789493333333 3.2263888825e-09
32412914 0.586267777778 0.832888888889 0.586325277778 0.832945 3.2263888825e-09
39212720 0.6670275 0.817338888889 0.667085 0.817395 3.2263888825e-09
47603980 0.569806111111 0.838047777778 0.569863611111 0.838103888889 3.2263888825e-09
49011556 0.545818888889 0.815050555556 0.545876388889 0.815106666667 3.2263888825e-09
82039471 0.573666111111 0.820108333333 0.573723611111 0.820164444444 3.2263888825e-09
82048006 0.567404444444 0.827422777778 0.567461944444 0.827478888889 3.2263888825e-09
86783310 0.528308888889 0.768063333333 0.528366388889 0.768119444444 3.2263888825e-09
119000 0.470508888889 0.78911 0.470566388889 0.789166111111 3.2263888825e-09
156694 0.470508888889 0.78911 0.470566388889 0.789166111111 3.2263888825e-09
54698069 0.490244111111 0.730905 0.490301611111 0.730961111111 3.2263888825e-09
754698 0.343021388889 0.784412222222 0.343078888889 0.784468333333 3.2263888825e-09
34653886 0.470508888889 0.78911 0.470566388889 0.789166111111 3.2263888825e-09
64996989 0.287691666667 0.749653333333 0.287749166667 0.749709444444 3.2263888825e-09
6096366 0.552485277778 0.748546666667 0.552542777778 0.748602777778 3.2263888825e-09
48896551 0.577462222222 0.845607777778 0.577519722222 0.845663888889 3.2263888825e-09
57948640 0.564648333333 0.758748333333 0.564705833333 0.758804444444 3.2263888825e-09
27144289 0.564608611111 0.781662222222 0.564666111111 0.781718333333 3.2263888825e-09
27941926 0.537055555556 0.783145555556 0.537113055556 0.783201666667 3.2263888825e-09
39239519 0.571070833333 0.733343333333 0.571128333333 0.733399444444 3.2263888825e-09
82042341 0.570168333333 0.824518888889 0.570225833333 0.824575 3.2263888825e-09
85722345 0.270762222222 0.686276666667 0.270819722222 0.686332777778 3.22638888249e-09
58152391 0.563778611111 0.756983333333 0.563836111111 0.757039444444 3.22638888249e-09
57657048 0.556624444444 0.74838 0.556681944444 0.748436111111 3.22638888249e-09
83059527 0.525555055556 0.77217 0.525597138889 0.772246666667 3.22638887736e-09
78085137 0.577469444444 0.792635555556 0.577553611111 0.792673888889 3.22638887362e-09
49109250 0.575255833333 0.843563888889 0.57534 0.843602222222 3.22638887361e-09
56693155 0.516558444444 0.792803333333 0.5165895 0.792907222222 3.22632721012e-09
54401263 0.499194180556 0.719910555556 0.499245122222 0.719973888889 3.22630549635e-09
83163301 0.4959145 0.773347777778 0.495961333333 0.773416666667 3.22629627854e-09
54867570 0.489091916667 0.710778333333 0.48913875 0.710847222222 3.22629627854e-09
75247210 0.526605277778 0.809586666667 0.526667722222 0.809638333333 3.2262962317e-09
534687 0.506361 0.731684444444 0.506403388889 0.731760555556 3.22626547824e-09
47248514 0.523962444444 0.797302222222 0.524015722222 0.797362777778 3.22626546924e-09
83299750 0.49422075 0.765712777778 0.494263138889 0.765788888889 3.22626543585e-09
85138793 0.495778611111 0.804402777778 0.495831888889 0.804463333333 3.22626541596e-09
266990 0.517107 0.789880555556 0.517160277778 0.789941111111 3.22626541596e-09
437644 0.525682138889 0.816566111111 0.525747388889 0.816615555556 3.22625003625e-09
885856 0.525682138889 0.816566111111 0.525747388889 0.816615555556 3.22625003625e-09
83209250 0.500860725 0.760967222222 0.500913041667 0.761028888889 3.22619448244e-09
83264380 0.489665 0.768207777778 0.489726777778 0.76826 3.22617283739e-09
60030929 0.523793805556 0.759216111111 0.523855583333 0.759268333333 3.22617278517e-09
20210794 0.527021222222 0.79392 0.527096638889 0.793962777778 3.22615743843e-09
54714086 0.481212861111 0.708196666667 0.481248055556 0.708288333333 3.22615743487e-09
83965867 0.495347305556 0.798196111111 0.495402611111 0.798254444444 3.22615735656e-09
42500130 0.607999444444 0.831632777778 0.608050833333 0.831695555556 3.22608026531e-09
44185014 0.550679166667 0.762445 0.550730555556 0.762507777778 3.22608026531e-09
57805106 0.577521111111 0.75197 0.5775725 0.752032777778 3.22608026531e-09
58293185 0.574258611111 0.766193333333 0.57431 0.766256111111 3.22608026531e-09
59887473 0.568246666667 0.754007222222 0.568298055556 0.75407 3.22608026531e-09
80197108 0.533462777778 0.786159444444 0.533514166667 0.786222222222 3.22608026531e-09
84084998 0.591089722222 0.826468333333 0.591141111111 0.826531111111 3.22608026531e-09
85758752 0.52576875 0.840962222222 0.525820138889 0.841025 3.22608026531e-09
87316544 0.541865833333 0.769738888889 0.541917222222 0.769801666667 3.22608026531e-09
629699 0.522178638889 0.778681111111 0.522230027778 0.778743888889 3.22608026531e-09
921448 0.616060277778 0.84353 0.616091666667 0.843632777778 3.22608026531e-09
28145525 0.617058888889 0.765917777778 0.617110277778 0.765980555556 3.22608026531e-09
36988121 0.608165 0.795175 0.608216388889 0.795237777778 3.22608026531e-09
43407254 0.580576388889 0.708929444444 0.580627777778 0.708992222222 3.22608026531e-09
44953986 0.717506944444 0.581607777778 0.717558333333 0.581670555556 3.22608026531e-09
55786160 0.585523333333 0.833183888889 0.585574722222 0.833246666667 3.22608026531e-09
58208132 0.566170833333 0.762561111111 0.566222222222 0.762623888889 3.22608026531e-09
58417256 0.569366111111 0.760126111111 0.5694175 0.760188888889 3.22608026531e-09
83665016 0.293918611111 0.723276111111 0.29397 0.723338888889 3.22608026531e-09
85850328 0.565186944444 0.776423333333 0.565238333333 0.776486111111 3.22608026531e-09
36706749 0.5538975 0.322539444444 0.553928888889 0.322642222222 3.22608026531e-09
87098804 0.240626111111 0.754122777778 0.2406775 0.754185555556 3.22608026531e-09
24063618 0.583284722222 0.759723333333 0.583316111111 0.759826111111 3.22608026531e-09
85694471 0.264247222222 0.673959444444 0.264278611111 0.674062222222 3.22608026531e-09
86344007 0.255485 0.585652777778 0.255536388889 0.585715555556 3.22608026531e-09
21422769 0.532966666667 0.804368888889 0.533018055556 0.804431666667 3.22608026531e-09
74568107 0.644650277778 0.808071111111 0.644701666667 0.808133888889 3.22608026531e-09
47692706 0.667283888889 0.821062222222 0.667335277778 0.821125 3.2260802653e-09
62012940 0.605446388889 0.798616111111 0.605497777778 0.798678888889 3.2260802653e-09
82065266 0.56388 0.825164444444 0.563931388889 0.825227222222 3.2260802653e-09
1043211 0.323492222222 0.79351 0.323543611111 0.793572777778 3.2260802653e-09
39502428 0.543890833333 0.758685 0.543942222222 0.758747777778 3.2260802653e-09
610657 0.311919444444 0.749931666667 0.311950833333 0.750034444444 3.22608023392e-09
90403 0.226142777778 0.697466666667 0.226194166667 0.697529444444 3.22608021392e-09
42656387 0.621825833333 0.835655555556 0.621877222222 0.835718333333 3.22608021392e-09
59248604 0.563659444444 0.751340555556 0.563710833333 0.751403333333 3.22608021392e-09
85797083 0.584622222222 0.779880555556 0.584673611111 0.779943333333 3.22608021392e-09
78726157 0.672228055556 0.80706 0.672279444444 0.807122777778 3.22608020253e-09
85407421 0.562883055556 0.782154444444 0.562934444444 0.782217222222 3.22608020253e-09
6057658 0.609960277778 0.751206666667 0.610117222222 0.751227222222 3.22608015059e-09
70438 0.515520083333 0.759580555556 0.515559055556 0.759663333333 3.22603398468e-09
437746 0.529106111111 0.804914444444 0.529192777778 0.804951666667 3.22592600575e-09
883986 0.529106111111 0.804914444444 0.529192777778 0.804951666667 3.22592600575e-09
31622278 0.541179444444 0.730418888889 0.541216666667 0.730505555556 3.22592600574e-09
82739583 0.598825833333 0.819255 0.598863055556 0.819341666667 3.22592600574e-09
51485560 0.553603333333 0.757835 0.553640555556 0.757921666667 3.22592600574e-09
47854429 0.767827222222 0.596524444444 0.767870555556 0.596598888889 3.22592599964e-09
6271095 0.552569722222 0.741399444444 0.552613055556 0.741473888889 3.22592599964e-09
8919244 0.602566944444 0.785591111111 0.602610277778 0.785665555556 3.22592599963e-09
18385882 0.712038333333 0.866649444444 0.712112777778 0.866692777778 3.22592599962e-09
19298640 0.575784722222 0.850713333333 0.575840555556 0.850771111111 3.22592597685e-09
77132926 0.725978333333 0.788058333333 0.726034166667 0.788116111111 3.22592597685e-09
78271106 0.550221944444 0.802333333333 0.550277777778 0.802391111111 3.22592597685e-09
19298159 0.578114444444 0.851571111111 0.578170277778 0.851628888889 3.22592597685e-09
85686314 0.264784722222 0.672718333333 0.264840555556 0.672776111111 3.22592597685e-09
515965 0.655440833333 0.825546666667 0.655478055556 0.825633333333 3.22592596852e-09
84983858 0.578398333333 0.354066666667 0.578435555556 0.354153333333 3.22592596852e-09
47263795 0.528283333333 0.704271666667 0.528320555556 0.704358333333 3.22592596851e-09
47315565 0.606426388889 0.880038333333 0.606500833333 0.880081666667 3.2259259563e-09
36564773 0.297309722222 0.293875 0.297353055556 0.293949444444 3.2259259563e-09
3009929 0.615729166667 0.781787222222 0.615803611111 0.781830555556 3.2259259563e-09
59807142 0.531789722222 0.768540555556 0.531833055556 0.768615 3.2259259563e-09
59404686 0.646001944444 0.789837777778 0.646045277778 0.789912222222 3.22592595629e-09
54708487 0.493982138889 0.712124444444 0.494054722222 0.712168888889 3.22592595143e-09
85079979 0.264878611111 0.685822222222 0.2649075 0.685933888889 3.22592594797e-09
8128446 0.729949722222 0.824058888889 0.729978611111 0.824170555556 3.22592594796e-09
59310791 0.57104 0.758843333333 0.571068888889 0.758955 3.22592594796e-09
32434793 0.638989166667 0.821427222222 0.639018055556 0.821538888889 3.22592594796e-09
23248543 0.526853361111 0.789516111111 0.526898027778 0.789588333333 3.22592594008e-09
255113 0.451667222222 0.865925 0.451741666667 0.865968333333 3.22592592519e-09
40281270 0.671158611111 0.808058333333 0.671201944444 0.808132777778 3.22592592519e-09
447051 0.528616666667 0.748739444444 0.52866 0.748813888889 3.22592592519e-09
57978709 0.570996111111 0.757223333333 0.571039444444 0.757297777778 3.22592592519e-09
78089260 0.575194722222 0.789952777778 0.575269166667 0.789996111111 3.22592592519e-09
82059298 0.568986666667 0.825104444444 0.56903 0.825178888889 3.22592592519e-09
86802857 0.544557777778 0.792232222222 0.544601111111 0.792306666667 3.22592592519e-09
10496771 0.6193475 0.794641111111 0.619390833333 0.794715555556 3.22592592519e-09
30476277 0.575023611111 0.818352777778 0.575098055556 0.818396111111 3.22592592519e-09
74786737 0.533423055556 0.835572222222 0.533466388889 0.835646666667 3.22592592519e-09
85558070 0.546149166667 0.773599444444 0.5461925 0.773673888889 3.22592592519e-09
52588040 0.366789722222 0.377680555556 0.366864166667 0.377723888889 3.22592592518e-09
199441 0.546087222222 0.742753888889 0.546161666667 0.742797222222 3.22592592518e-09
10372235 0.452553888889 0.580514444444 0.452597222222 0.580588888889 3.22592592518e-09
10376766 0.539299722222 0.759230555556 0.539355555556 0.759288333333 3.22592592102e-09
85762749 0.533494444444 0.780220555556 0.533550277778 0.780278333333 3.22592592102e-09
59210824 0.571763333333 0.757601666667 0.571819166667 0.757659444444 3.22592592102e-09
13742025 0.529043055556 0.759164444444 0.529080277778 0.759251111111 3.22592591908e-09
44257315 0.664430555556 0.813979444444 0.664467777778 0.814066111111 3.22592591908e-09
14838207 0.342304722222 0.374064444444 0.342341944444 0.374151111111 3.22592591908e-09
57957491 0.580551666667 0.751479444444 0.5806075 0.751537222222 3.22592591908e-09
1124621 0.554916388889 0.766634444444 0.554972222222 0.766692222222 3.22592591908e-09
58479315 0.5628525 0.754894444444 0.562908333333 0.754952222222 3.22592591908e-09
82040838 0.567311666667 0.828128888889 0.5673675 0.828186666667 3.22592591908e-09
1950262 0.625801111111 0.800077222222 0.625856944444 0.800135 3.22592591908e-09
5470452 0.540656111111 0.766302222222 0.540711944444 0.76636 3.22592591908e-09
29526365 0.569518055556 0.820893888889 0.569573888889 0.820951666667 3.22592591908e-09
36389292 0.258741666667 0.686003888889 0.258778888889 0.686090555556 3.22592591908e-09
1029976 0.531852222222 0.784679444444 0.531889444444 0.784766111111 3.22592591908e-09
45160954 0.726962777778 0.801282222222 0.727 0.801368888889 3.22592591908e-09
65138433 0.682928333333 0.83512 0.683015 0.835157222222 3.22592591908e-09
934534 0.540516111111 0.790336111111 0.540602777778 0.790373333333 3.22592591908e-09
59234953 0.5731825 0.752279444444 0.573219722222 0.752366111111 3.22592591908e-09
87273716 0.602744722222 0.402438888889 0.602781944444 0.402525555556 3.22592591907e-09
9287993 0.301865 0.735163888889 0.301951666667 0.735201111111 3.22592591907e-09
10657705 0.229936944444 0.677195 0.230023611111 0.677232222222 3.22592591907e-09
8804771 0.635445555556 0.730195 0.635501388889 0.730252777778 3.22592591907e-09
11673355 0.540945555556 0.733757222222 0.541001388889 0.733815 3.22592591907e-09
31205615 0.303176111111 0.313233333333 0.303231944444 0.313291111111 3.22592591907e-09
47876043 0.574761666667 0.84274 0.5748175 0.842797777778 3.22592591907e-09
49152974 0.668221111111 0.796822777778 0.668276944444 0.796880555556 3.22592591907e-09
47604147 0.571682777778 0.837189444444 0.571738611111 0.837247222222 3.22592591907e-09
57911868 0.569388611111 0.753119444444 0.569425833333 0.753206111111 3.22592591907e-09
58031074 0.565575277778 0.74858 0.565631111111 0.748637777778 3.22592591907e-09
61793461 0.300110555556 0.752892222222 0.300147777778 0.752978888889 3.22592591907e-09
67023218 0.528842777778 0.777887777778 0.528898611111 0.777945555556 3.22592591907e-09
527628 0.512613527778 0.790626666667 0.512661916667 0.790693333333 3.22592590108e-09
11539115 0.320888055556 0.790387777778 0.320974722222 0.790425 3.22592588186e-09
58544905 0.770688055556 0.894086111111 0.7707625 0.894129444444 3.22592588185e-09
82601117 0.316141388889 0.602432777778 0.316184722222 0.602507222222 3.22592588185e-09
87100296 0.540359166667 0.76886 0.5404025 0.768934444444 3.22592588185e-09
79543504 0.248918055556 0.730393888889 0.249004722222 0.730431111111 3.22592588185e-09
539231 0.299305555556 0.762197777778 0.299342777778 0.762284444444 3.22592588185e-09
1121003 0.551657222222 0.758977777778 0.551694444444 0.759064444444 3.22592588185e-09
22860977 0.610005555556 0.769487777778 0.610048888889 0.769562222222 3.22592588185e-09
39328767 0.564435555556 0.738188888889 0.564478888889 0.738263333333 3.22592588185e-09
57952534 0.569975 0.756460555556 0.570018333333 0.756535 3.22592588185e-09
1091128 0.273635 0.737586666667 0.273672222222 0.737673333333 3.22592588185e-09
1118989 0.560612777778 0.764375555556 0.560656111111 0.76445 3.22592588185e-09
38074027 0.666256111111 0.823520555556 0.666293333333 0.823607222222 3.22592588185e-09
45799310 0.6093925 0.763836666667 0.609429722222 0.763923333333 3.22592588185e-09
50631531 0.533200277778 0.791597777778 0.533243611111 0.791672222222 3.22592588185e-09
58571260 0.565052777778 0.746178888889 0.565127222222 0.746222222222 3.22592588185e-09
80980979 0.608009722222 0.751535555556 0.608046944444 0.751622222222 3.22592588185e-09
14652406 0.519497555556 0.822820555556 0.519553388889 0.822878333333 3.22592586325e-09
50120455 0.560735555556 0.762575555556 0.560791388889 0.762633333333 3.22592586325e-09
50121358 0.560735555556 0.762575555556 0.560791388889 0.762633333333 3.22592586325e-09
50123036 0.560735555556 0.762575555556 0.560791388889 0.762633333333 3.22592586325e-09
50128467 0.560735555556 0.762575555556 0.560791388889 0.762633333333 3.22592586325e-09
11993545 0.541889166667 0.861480555556 0.541945 0.861538333333 3.22592586324e-09
19301158 0.573063611111 0.850311666667 0.573119444444 0.850369444444 3.22592586324e-09
54856963 0.492650305556 0.707462222222 0.492679194444 0.707573888889 3.2259258363e-09
42372922 0.608368055556 0.756996666667 0.608389722222 0.757145555556 3.22592582908e-09
230752 0.523400861111 0.793988333333 0.523460722222 0.794042222222 3.2258487661e-09
83252609 0.511106111111 0.755607222222 0.511148805556 0.755682777778 3.22580253008e-09
615904 0.488242138889 0.819347222222 0.488284833333 0.819422777778 3.22580245453e-09
84116182 0.517653305556 0.786477222222 0.517708083333 0.786536111111 3.22580242942e-09
35853592 0.517422805556 0.778975555556 0.517472861111 0.77904 3.22580241109e-09
81711718 0.526610666667 0.800687777778 0.526660722222 0.800752222222 3.22580241109e-09
20831447 0.526767694444 0.790168333333 0.5268315 0.790218888889 3.22572535948e-09
2696944 0.512245944444 0.770218888889 0.51227175 0.770343888889 3.22569450001e-09
83190900 0.515014583333 0.762998888889 0.515055472222 0.763077777778 3.22567902565e-09
82685786 0.524995166667 0.789361111111 0.525036638889 0.789438888889 3.22561727588e-09
83357137 0.508243527778 0.756431111111 0.508285 0.756508888889 3.22561727588e-09
83085444 0.525914861111 0.772875555556 0.5259955 0.772915555556 3.22555556e-09
83364371 0.500028950278 0.768620555556 0.5000853175 0.768677777778 3.22545769081e-09
39887654 0.500122428889 0.772098333333 0.500164806389 0.772174444444 3.22539860639e-09
11249597 0.526234083333 0.777751111111 0.526327722222 0.777785555556 3.22533956202e-09
83162942 0.499319552778 0.770076111111 0.499366372222 0.770145 3.22533948075e-09
10088225 0.572107222222 0.837129444444 0.57216 0.837190555556 3.22530870247e-09
27516922 0.623364444444 0.770582777778 0.623425555556 0.770635555556 3.22530870247e-09
58041588 0.564516944444 0.746688333333 0.564578055556 0.746741111111 3.22530870247e-09
58189840 0.574361111111 0.746284444444 0.574413888889 0.746345555556 3.22530870247e-09
454330 0.163008333333 0.781137222222 0.163038888889 0.781242777778 3.22530870247e-09
83655362 0.291897777778 0.720559444444 0.291950555556 0.720620555556 3.22530870247e-09
709238 0.617262222222 0.823439444444 0.617315 0.823500555556 3.22530870247e-09
34170233 0.880369444444 0.778494444444 0.880422222222 0.778555555556 3.22530870247e-09
46708151 0.170994444444 0.847953333333 0.171055555556 0.848006111111 3.22530870247e-09
10441321 0.914483333333 0.382689444444 0.914513888889 0.382795 3.22530870246e-09
35512489 0.205247222222 0.720083333333 0.205352777778 0.720113888889 3.22530870246e-09
45642783 0.557494444444 0.790785 0.5575525 0.790840555556 3.22530869247e-09
48937280 0.582235 0.84296 0.582293055556 0.843015555556 3.22530869247e-09
82063042 0.563701111111 0.82684 0.563759166667 0.826895555556 3.22530869247e-09
87372937 0.51349 0.793513333333 0.513548055556 0.793568888889 3.22530869247e-09
76685130 0.604640833333 0.827873333333 0.604698888889 0.827928888889 3.22530869247e-09
57957161 0.617681944444 0.745736111111 0.61774 0.745791666667 3.22530869246e-09
83230938 0.506496194444 0.74245 0.50655425 0.742505555556 3.22530869246e-09
82090758 0.573176111111 0.829583333333 0.5732025 0.829705555556 3.22530867608e-09
33938120 0.589886111111 0.832211666667 0.589916666667 0.832317222222 3.22530867192e-09
59677826 0.745874166667 0.78167 0.745979722222 0.781700555556 3.22530867192e-09
85090116 0.265175 0.689162777778 0.265205555556 0.689268333333 3.22530867192e-09
68756325 0.622261388889 0.797545 0.622289166667 0.797661111111 3.22530866469e-09
34563086 0.736394444444 0.791236111111 0.736422222222 0.791352222222 3.22530866469e-09
85084165 0.265210277778 0.684930555556 0.265238055556 0.685046666667 3.22530866469e-09
24336255 0.870311111111 0.696605555556 0.870338888889 0.696721666667 3.22530866469e-09
39426 0.547330555556 0.837525 0.547391666667 0.837577777778 3.2253086497e-09
1125104 0.548919444444 0.828055555556 0.548972222222 0.828116666667 3.2253086497e-09
449594 0.891975 0.721548333333 0.892027777778 0.721609444444 3.2253086497e-09
1098425 0.542703611111 0.762597222222 0.542756388889 0.762658333333 3.2253086497e-09
25195438 0.543204166667 0.752784444444 0.543265277778 0.752837222222 3.2253086497e-09
48554135 0.578738611111 0.845985 0.578799722222 0.846037777778 3.2253086497e-09
48896296 0.576996388889 0.847178333333 0.5770575 0.847231111111 3.2253086497e-09
79791749 0.835558333333 0.583453888889 0.835619444444 0.583506666667 3.2253086497e-09
87153883 0.582195833333 0.848583333333 0.582256944444 0.848636111111 3.2253086497e-09
826170 0.868194444444 0.740106666667 0.868247222222 0.740167777778 3.2253086497e-09
44083430 0.631351111111 0.810347222222 0.631412222222 0.8104 3.2253086497e-09
58433602 0.563825833333 0.759151111111 0.563878611111 0.759212222222 3.2253086497e-09
81895486 0.667685 0.816175555556 0.667737777778 0.816236666667 3.2253086497e-09
82059554 0.567103333333 0.825672222222 0.567164444444 0.825725 3.2253086497e-09
85220027 0.572038055556 0.871258333333 0.572099166667 0.871311111111 3.2253086497e-09
85560280 0.529001944444 0.847913888889 0.529054722222 0.847975 3.2253086497e-09
27066372 0.209236111111 0.884718333333 0.209297222222 0.884771111111 3.2253086497e-09
34384204 0.235097222222 0.811638333333 0.235158333333 0.811691111111 3.2253086497e-09
48211275 0.181091666667 0.846893333333 0.181152777778 0.846946111111 3.2253086497e-09
47319921 0.169952777778 0.84576 0.170013888889 0.845812777778 3.22530864969e-09
48057435 0.181177777778 0.847822777778 0.181238888889 0.847875555556 3.22530864969e-09
86910828 0.902508333333 0.290030555556 0.902561111111 0.290091666667 3.22530864969e-09
79955 0.231128888889 0.731661111111 0.231181666667 0.731722222222 3.22530864969e-09
89115 0.267878611111 0.728701666667 0.267931388889 0.728762777778 3.22530864969e-09
198668 0.195763888889 0.688877777778 0.195816666667 0.688938888889 3.22530864969e-09
1036007 0.332091944444 0.792336666667 0.332144722222 0.792397777778 3.22530864969e-09
38336735 0.164597222222 0.71526 0.16465 0.715321111111 3.22530864969e-09
42551803 0.164375 0.714071111111 0.164427777778 0.714132222222 3.22530864969e-09
52711928 0.207838888889 0.722525 0.207891666667 0.722586111111 3.22530864969e-09
72437699 0.159575 0.727801666667 0.159627777778 0.727862777778 3.22530864969e-09
86504643 0.2638 0.790686111111 0.263852777778 0.790747222222 3.22530864969e-09
22831718 0.547721111111 0.7488 0.547773888889 0.748861111111 3.22530864969e-09
35230839 0.78895 0.910329444444 0.789011111111 0.910382222222 3.22530864969e-09
40189020 0.605744722222 0.811241111111 0.605805833333 0.811293888889 3.22530864969e-09
49331170 0.648108055556 0.815246111111 0.648169166667 0.815298888889 3.22530864969e-09
68722679 0.895886111111 0.741994444444 0.895947222222 0.742047222222 3.22530864969e-09
938091 0.817033333333 0.644770555556 0.817086111111 0.644831666667 3.22530864969e-09
24078352 0.68237 0.833135 0.682431111111 0.833187777778 3.22530864969e-09
35253417 0.608305833333 0.79367 0.608366944444 0.793722777778 3.22530864969e-09
45300876 0.624290277778 0.771303333333 0.624343055556 0.771364444444 3.22530864969e-09
85884082 0.868786111111 0.691019444444 0.868847222222 0.691072222222 3.22530864969e-09
2753055 0.648235 0.817870555556 0.648287777778 0.817931666667 3.22530864969e-09
13347739 0.610995833333 0.755481111111 0.611056944444 0.755533888889 3.22530864969e-09
19263170 0.571924722222 0.854487222222 0.571985833333 0.85454 3.22530864969e-09
33073602 0.560976111111 0.715302777778 0.561037222222 0.715355555556 3.22530864969e-09
34378476 0.612973611111 0.811276111111 0.613026388889 0.811337222222 3.22530864969e-09
39336820 0.570608888889 0.739727222222 0.57067 0.73978 3.22530864969e-09
45834235 0.611003333333 0.78399 0.611056111111 0.784051111111 3.22530864969e-09
81240626 0.598959722222 0.875925 0.5990125 0.875986111111 3.22530864969e-09
82451004 0.5657425 0.711213333333 0.565795277778 0.711274444444 3.22530864969e-09
85798592 0.583045833333 0.814497222222 0.583106944444 0.81455 3.22530864969e-09
87118049 0.812963888889 0.624211111111 0.813025 0.624263888889 3.22530864969e-09
8490160 0.822597222222 0.320320555556 0.82265 0.320381666667 3.22530864969e-09
17384766 0.96285 0.860622777778 0.962911111111 0.860675555556 3.22530864969e-09
25043873 0.618053055556 0.818052777778 0.618114166667 0.818105555556 3.22530864969e-09
42512576 0.690871111111 0.802546111111 0.690932222222 0.802598888889 3.22530864969e-09
44722950 0.552024722222 0.771321666667 0.5520775 0.771382777778 3.22530864969e-09
48392928 0.833286111111 0.786322222222 0.833338888889 0.786383333333 3.22530864969e-09
56789596 0.739312222222 0.807782222222 0.739373333333 0.807835 3.22530864969e-09
86918815 0.5834075 0.834378888889 0.583468611111 0.834431666667 3.22530864969e-09
72090260 0.172172222222 0.689072222222 0.172233333333 0.689125 3.22530864969e-09
80423 0.233172777778 0.722386666667 0.233225555556 0.722447777778 3.22530864969e-09
87850 0.218583333333 0.761720555556 0.218636111111 0.761781666667 3.22530864969e-09
632020 0.186438888889 0.842442222222 0.186491666667 0.842503333333 3.22530864969e-09
6601776 0.969911111111 0.207984444444 0.969972222222 0.208037222222 3.22530864969e-09
727054 0.216561111111 0.793665555556 0.216613888889 0.793726666667 3.22530864969e-09
865436 0.151611111111 0.774750555556 0.151663888889 0.774811666667 3.22530864969e-09
8664863 0.239064444444 0.822916666667 0.239117222222 0.822977777778 3.22530864969e-09
48394033 0.155925 0.799305555556 0.155977777778 0.799366666667 3.22530864969e-09
73991986 0.163063888889 0.719918888889 0.163116666667 0.71998 3.22530864969e-09
20753837 0.157566666667 0.815972222222 0.157627777778 0.816025 3.22530864969e-09
906195 0.159680555556 0.709883888889 0.159741666667 0.709936666667 3.22530864969e-09
18559960 0.972783333333 0.245373888889 0.972836111111 0.245435 3.22530864969e-09
24975261 0.969358333333 0.254017222222 0.969411111111 0.254078333333 3.22530864969e-09
50749823 0.165302777778 0.811944444444 0.165363888889 0.811997222222 3.22530864969e-09
25764347 0.532464722222 0.763521666667 0.5325175 0.763582777778 3.22530864968e-09
58366003 0.583674722222 0.822732777778 0.5837275 0.822793888889 3.22530864968e-09
84135068 0.608741666667 0.807922777778 0.608802777778 0.807975555556 3.22530864968e-09
85422861 0.523288888889 0.824975 0.52335 0.825027777778 3.22530864968e-09
994168 0.7891 0.794020555556 0.789152777778 0.794081666667 3.22530864968e-09
51215757 0.551348888889 0.763630555556 0.551401666667 0.763691666667 3.22530864968e-09
504450 0.562901944444 0.853741666667 0.562963055556 0.853794444444 3.22530864136e-09
49898596 0.535978055556 0.784339444444 0.536030833333 0.784400555556 3.22530864136e-09
58400139 0.646149444444 0.821986666667 0.646210555556 0.822039444444 3.22530864136e-09
886302 0.157794444444 0.771135555556 0.157855555556 0.771188333333 3.22530864136e-09
87316389 0.534676944444 0.774091666667 0.534738055556 0.774144444444 3.22530864135e-09
232844 0.731033055556 0.803992222222 0.731091111111 0.804047777778 3.22530863692e-09
14847543 0.531879166667 0.770815 0.531937222222 0.770870555556 3.22530863692e-09
25109976 0.577425555556 0.813046111111 0.577483611111 0.813101666667 3.22530863692e-09
82047652 0.569671666667 0.827021111111 0.569729722222 0.827076666667 3.22530863692e-09
18805209 0.299155555556 0.74241 0.299213611111 0.742465555556 3.22530863691e-09
55756904 0.557146388889 0.742565 0.557204444444 0.742620555556 3.22530863691e-09
59918911 0.560680555556 0.753586111111 0.560738611111 0.753641666667 3.22530863691e-09
3575486 0.548932777778 0.748926111111 0.548990833333 0.748981666667 3.22530863691e-09
19300709 0.573272222222 0.850467777778 0.573330277778 0.850523333333 3.22530863442e-09
82063143 0.567761944444 0.827097222222 0.567838333333 0.827139444444 3.2253086297e-09
31151403 0.356916944444 0.871988888889 0.356993333333 0.872031111111 3.22530862969e-09
31162143 0.356916944444 0.871988888889 0.356993333333 0.872031111111 3.22530862969e-09
85627484 0.522786805556 0.841283333333 0.522825 0.841367777778 3.22530862566e-09
40687537 0.161805555556 0.713976111111 0.161958333333 0.713997222222 3.22530860858e-09
63738730 0.829488888889 0.650099444444 0.829519444444 0.650205 3.22530859692e-09
16579440 0.600121111111 0.803818888889 0.600226666667 0.803849444444 3.22530859691e-09
67371164 0.897630555556 0.739112222222 0.897661111111 0.739217777778 3.22530859691e-09
28373060 0.545707777778 0.873520555556 0.545768888889 0.873573333333 3.22530858859e-09
47329619 0.5944725 0.747221666667 0.594533611111 0.747274444444 3.22530858859e-09
63932435 0.819280555556 0.670741666667 0.819341666667 0.670794444444 3.22530858859e-09
25874559 0.543266666667 0.83917 0.543319444444 0.839231111111 3.22530858859e-09
87156247 0.534416111111 0.800196666667 0.534477222222 0.800249444444 3.22530858859e-09
85262435 0.189708333333 0.726490555556 0.189769444444 0.726543333333 3.22530858859e-09
520236 0.166577777778 0.781776666667 0.166638888889 0.781829444444 3.22530858858e-09
20121468 0.903080555556 0.289530555556 0.903133333333 0.289591666667 3.22530858858e-09
84757117 0.166766666667 0.77696 0.166819444444 0.777021111111 3.22530858858e-09
49379957 0.220891666667 0.8048 0.220944444444 0.804861111111 3.22530858858e-09
87300544 0.567924166667 0.838726111111 0.567976944444 0.838787222222 3.22530858858e-09
82043555 0.568513333333 0.824041666667 0.568574444444 0.824094444444 3.22530858858e-09
785330 0.605531666667 0.811990555556 0.605584444444 0.812051666667 3.22530858858e-09
933409 0.528008055556 0.797995555556 0.528060833333 0.798056666667 3.22530858858e-09
446651 0.893280555556 0.724816666667 0.893333333333 0.724877777778 3.22530858858e-09
45913417 0.610641388889 0.783930555556 0.6107025 0.783983333333 3.22530858858e-09
52020055 0.3073525 0.766561666667 0.307413611111 0.766614444444 3.22530858858e-09
67927688 0.611881111111 0.752635555556 0.611942222222 0.752688333333 3.22530858858e-09
52195681 0.165216666667 0.809875555556 0.165277777778 0.809928333333 3.22530858858e-09
83334462 0.491902555556 0.766183333333 0.491955333333 0.766244444444 3.22530858858e-09
38334416 0.163866666667 0.714838888889 0.163919444444 0.7149 3.22530858858e-09
19480026 0.790866666667 0.794056111111 0.790919444444 0.794117222222 3.22530858857e-09
34316250 0.584435555556 0.769856666667 0.584496666667 0.769909444444 3.22530858857e-09
36861003 0.740498055556 0.776955555556 0.740574444444 0.776997777778 3.22530858747e-09
87386150 0.543178055556 0.827818888889 0.543254444444 0.827861111111 3.22530858747e-09
30420997 0.608353055556 0.818407777778 0.608429444444 0.81845 3.22530858747e-09
87374028 0.512986666667 0.791151666667 0.513044722222 0.791207222222 3.22530857886e-09
54911464 0.735069166667 0.808750555556 0.735127222222 0.808806111111 3.22530857886e-09
55117854 0.531178888889 0.794130555556 0.531236944444 0.794186111111 3.22530857886e-09
70739827 0.605489166667 0.751433888889 0.605547222222 0.751489444444 3.22530857886e-09
87169075 0.568951666667 0.855416666667 0.569009722222 0.855472222222 3.22530857886e-09
5683751 0.547140555556 0.745808888889 0.547198611111 0.745864444444 3.22530857886e-09
45939020 0.609123055556 0.820617777778 0.609181111111 0.820673333333 3.22530857886e-09
825544 0.824038888889 0.629941666667 0.824069444444 0.630047222222 3.22530856636e-09
56495249 0.157188888889 0.724487777778 0.157219444444 0.724593333333 3.22530856636e-09
32206157 0.634965555556 0.806922777778 0.634993333333 0.807038888889 3.22530854858e-09
18175239 0.562433055556 0.348816111111 0.562460833333 0.348932222222 3.22530854858e-09
83141356 0.518721472222 0.757197777778 0.518790583333 0.757244444444 3.22518513392e-09
34700948 0.521121416667 0.765680555556 0.521155972222 0.765773888889 3.22518512182e-09
83293575 0.502093422222 0.761403888889 0.502185569444 0.761438888889 3.22515277e-09
27074112 0.488095694444 0.779716666667 0.488154333333 0.779771666667 3.225138895e-09
49418984 0.507426972222 0.769343333333 0.507485611111 0.769398333333 3.225138895e-09
83151338 0.506914972222 0.774636111111 0.506971333333 0.774693333333 3.22510800581e-09
15817068 0.496345 0.799441666667 0.496440166667 0.799475555556 3.22509261447e-09
87098591 0.241089444444 0.75188 0.241125277778 0.75197 3.22500006e-09
86393238 0.292781944444 0.718606666667 0.292817777778 0.718696666667 3.22500006e-09
60177660 0.574161944444 0.761038333333 0.574197777778 0.761128333333 3.22500005999e-09
85012262 0.559009444444 0.729653333333 0.559045277778 0.729743333333 3.22500005999e-09
87414252 0.532582222222 0.76965 0.532618055556 0.76974 3.22500005999e-09
11920652 0.564395 0.844044444444 0.56444 0.844116111111 3.22500001501e-09
83109496 0.584953333333 0.881798333333 0.585088333333 0.881822222222 3.22500001501e-09
46091379 0.537201111111 0.781926111111 0.537272777778 0.781971111111 3.225000015e-09
48054198 0.646437222222 0.791718333333 0.646482222222 0.79179 3.225000015e-09
57976459 0.566488888889 0.760168888889 0.566533888889 0.760240555556 3.225000015e-09
33705490 0.600342222222 0.786776111111 0.600387222222 0.786847777778 3.225000015e-09
985761 0.330512222222 0.409156111111 0.330557222222 0.409227777778 3.225000015e-09
91019 0.292340833333 0.764647222222 0.292408333333 0.764695 3.225000015e-09
1118719 0.685251666667 0.814225 0.685319166667 0.814272777778 3.225000015e-09
227335 0.537011944444 0.790111111111 0.537079444444 0.790158888889 3.225000015e-09
871467 0.320071388889 0.759443333333 0.320138888889 0.759491111111 3.225000015e-09
49161077 0.536812777778 0.759037777778 0.536880277778 0.759085555556 3.225000015e-09
51406113 0.655503055556 0.824891111111 0.655570555556 0.824938888889 3.225000015e-09
54301952 0.656096111111 0.805438888889 0.656163611111 0.805486666667 3.225000015e-09
59421290 0.563569166667 0.747833333333 0.563636666667 0.747881111111 3.225000015e-09
75021006 0.239387222222 0.75041 0.239454722222 0.750457777778 3.225000015e-09
84045984 0.292340833333 0.764647222222 0.292408333333 0.764695 3.225000015e-09
576667 0.53251 0.778714444444 0.532555 0.778786111111 3.225000015e-09
45945691 0.604877777778 0.810475 0.604922777778 0.810546666667 3.225000015e-09
19559058 0.318543333333 0.760099444444 0.318588333333 0.760171111111 3.225000015e-09
1117385 0.328080833333 0.799008888889 0.3281525 0.799053888889 3.225000015e-09
85647190 0.240685833333 0.754539444444 0.240730833333 0.754611111111 3.225000015e-09
901863 0.728991666667 0.801741111111 0.729036666667 0.801812777778 3.225000015e-09
45745014 0.680743611111 0.818316111111 0.680788611111 0.818387777778 3.225000015e-09
59478487 0.57374 0.765338888889 0.573785 0.765410555556 3.225000015e-09
65486984 0.607393055556 0.753491111111 0.607438055556 0.753562777778 3.225000015e-09
83771371 0.528205555556 0.756923333333 0.528250555556 0.756995 3.225000015e-09
40233635 0.544671944444 0.757298888889 0.544716944444 0.757370555556 3.225000015e-09
50611300 0.268780833333 0.735002777778 0.2688525 0.735047777778 3.225000015e-09
54677972 0.650593611111 0.820678333333 0.650665277778 0.820723333333 3.225000015e-09
82055792 0.573401666667 0.823812222222 0.573446666667 0.823883888889 3.225000015e-09
86827981 0.538085 0.778147777778 0.538156666667 0.778192777778 3.225000015e-09
415136 0.547208333333 0.747174444444 0.547275833333 0.747222222222 3.22500001499e-09
59429647 0.564867222222 0.746955 0.564934722222 0.747002777778 3.22500001499e-09
83688060 0.568284444444 0.815654444444 0.568351944444 0.815702222222 3.22500001499e-09
9386956 0.703993333333 0.804618333333 0.704100833333 0.804648333333 3.225e-09
83254544 0.507498722222 0.771052777778 0.507532472222 0.771148333333 3.22499998126e-09
74651508 0.686325 0.638015555556 0.686360833333 0.638105555556 3.22499997001e-09
68649660 0.597694166667 0.798707777778 0.597765833333 0.798752777778 3.22499997001e-09
83125455 0.504888166667 0.737022777778 0.504933166667 0.737094444444 3.22499997001e-09
34080245 0.273740277778 0.668071666667 0.273785277778 0.668143333333 3.22499997e-09
16127464 0.242391944444 0.744777777778 0.242436944444 0.744849444444 3.22499997e-09
348984 0.541051666667 0.778725555556 0.541096666667 0.778797222222 3.22499997e-09
15740954 0.550994166667 0.804451111111 0.551065833333 0.804496111111 3.22499997e-09
58015207 0.571605 0.750222777778 0.57165 0.750294444444 3.22499997e-09
79499553 0.572113055556 0.836982777778 0.572158055556 0.837054444444 3.22499997e-09
82058379 0.567570555556 0.829965555556 0.567615555556 0.830037222222 3.22499997e-09
82809934 0.540718888889 0.833827777778 0.540763888889 0.833899444444 3.22499997e-09
87309812 0.537969722222 0.797075555556 0.538014722222 0.797147222222 3.22499997e-09
24849981 0.611833333333 0.855072777778 0.611878333333 0.855144444444 3.22499997e-09
39341312 0.574766388889 0.734381666667 0.574811388889 0.734453333333 3.22499997e-09
46709089 0.6087975 0.790602777778 0.6088425 0.790674444444 3.22499997e-09
50123064 0.533330277778 0.791954444444 0.533401944444 0.791999444444 3.22499997e-09
82053185 0.567645555556 0.828569444444 0.567717222222 0.828614444444 3.22499997e-09
87366156 0.530311666667 0.835797777778 0.530383333333 0.835842777778 3.22499997e-09
47005801 0.534151388889 0.770855 0.534187222222 0.770945 3.22499997e-09
58424021 0.577090277778 0.757313333333 0.577126111111 0.757403333333 3.22499997e-09
6277137 0.561523611111 0.784430555556 0.561568611111 0.784502222222 3.22499996999e-09
57971948 0.575295277778 0.762487777778 0.575331111111 0.762577777778 3.22499996999e-09
24951054 0.561124166667 0.777778888889 0.56116 0.777868888889 3.22499996999e-09
42037898 0.497942430556 0.764026666667 0.498019830556 0.764068333333 3.22499994839e-09
31899983 0.575631111111 0.800266666667 0.575698611111 0.800314444444 3.2249999475e-09
59961536 0.576392222222 0.748406666667 0.576459722222 0.748454444444 3.2249999475e-09
48989955 0.580427222222 0.842386666667 0.580494722222 0.842434444444 3.2249999475e-09
65815062 0.649871944444 0.815136666667 0.649939444444 0.815184444444 3.2249999475e-09
81991019 0.567081944444 0.799545555556 0.567149444444 0.799593333333 3.2249999475e-09
87217902 0.5359175 0.782070555556 0.535985 0.782118333333 3.2249999475e-09
86780143 0.525004444444 0.717002222222 0.525053638889 0.717067777778 3.22496919409e-09
83369899 0.505263638889 0.747557222222 0.505301333333 0.747642777778 3.22496911452e-09
86423829 0.526793805556 0.797343888889 0.526829861111 0.797433333333 3.2249690701e-09
26542797 0.518664333333 0.783926666667 0.518711527778 0.783995 3.22495372594e-09
1947977 0.495422944444 0.806128333333 0.495485361111 0.80618 3.22486114914e-09
83147985 0.515491083333 0.739916111111 0.515545333333 0.739975555556 3.22486114126e-09
83325390 0.501129483333 0.776466666667 0.501183230556 0.776526666667 3.22483338e-09
787398 0.503923305556 0.743132222222 0.503980777778 0.743188333333 3.22483022806e-09
78464498 0.523579361111 0.769347222222 0.523636833333 0.769403333333 3.22483022806e-09
83326525 0.506715722222 0.76131 0.506763694444 0.761377222222 3.22479935712e-09
83243595 0.505054055556 0.770110555556 0.505102027778 0.770177777778 3.22479935711e-09
83149592 0.515523861111 0.744762222222 0.515572638889 0.744828333333 3.22475309569e-09
54705933 0.488572138889 0.733525555556 0.488613305556 0.733603888889 3.22472223461e-09
83516049 0.525385472222 0.785071111111 0.525426638889 0.785149444444 3.22472223461e-09
83338776 0.504029555556 0.739363333333 0.504080472222 0.739426666667 3.22472221394e-09
83171644 0.504978638889 0.754282777778 0.505040388889 0.754335 3.2247222085e-09
83150158 0.508508833333 0.746480555556 0.508562083333 0.746541111111 3.22458330375e-09
83294204 0.500059419167 0.763523333333 0.500112668889 0.763583888889 3.22456652255e-09
80592801 0.562864444444 0.839928333333 0.562919722222 0.839986666667 3.22453708685e-09
860193 0.588856111111 0.830864444444 0.588911388889 0.830922777778 3.22453708685e-09
479599 0.596968333333 0.680304444444 0.597023611111 0.680362777778 3.22453708685e-09
87043915 0.534078333333 0.766359444444 0.534133611111 0.766417777778 3.22453708685e-09
57714043 0.559415 0.753749444444 0.559470277778 0.753807777778 3.22453708685e-09
5793302 0.549165 0.740294444444 0.549220277778 0.740352777778 3.22453708685e-09
40928739 0.600666111111 0.786278333333 0.600721388889 0.786336666667 3.22453708685e-09
48937007 0.581124444444 0.840379444444 0.581179722222 0.840437777778 3.22453708685e-09
50876250 0.496163861111 0.776103888889 0.49624125 0.776145555556 3.22453706746e-09
86928203 0.569078611111 0.840460555556 0.569107777778 0.840571111111 3.22453705769e-09
9596730 0.654120277778 0.80224 0.654175555556 0.802298333333 3.22453703158e-09
605467 0.236240277778 0.738328888889 0.236295555556 0.738387222222 3.22453703158e-09
47316473 0.613210277778 0.798285555556 0.613265555556 0.798343888889 3.22453703158e-09
4784400 0.63057 0.802527777778 0.630625277778 0.802586111111 3.22453703158e-09
674090 0.547481944444 0.840036111111 0.547537222222 0.840094444444 3.22453703158e-09
58110516 0.573287222222 0.763641666667 0.5733425 0.7637 3.22453703158e-09
82084081 0.282521111111 0.688583888889 0.282576388889 0.688642222222 3.22453703157e-09
49601338 0.5833525 0.883450555556 0.583407777778 0.883508888889 3.22453703157e-09
52547639 0.560178333333 0.793481666667 0.560233611111 0.79354 3.22453703157e-09
714205 0.603929722222 0.808651111111 0.603985 0.808709444444 3.22453703157e-09
19263687 0.571651944444 0.854787777778 0.571707222222 0.854846111111 3.22453703157e-09
47556535 0.574095 0.845331111111 0.574150277778 0.845389444444 3.22453703157e-09
80234907 0.285283888889 0.715798888889 0.285339166667 0.715857222222 3.22453703157e-09
85850304 0.566371111111 0.775427777778 0.566426388889 0.775486111111 3.22453703157e-09
1770973 0.284993055556 0.770601111111 0.285048333333 0.770659444444 3.22453697324e-09
2463155 0.604966666667 0.766185 0.605021944444 0.766243333333 3.22453697324e-09
39335557 0.576728055556 0.744446666667 0.576783333333 0.744505 3.22453697324e-09
72466488 0.610201666667 0.783606666667 0.610256944444 0.783665 3.22453697324e-09
83328386 0.506317361111 0.765456111111 0.506357666667 0.765536111111 3.22444448e-09
6385213 0.584710277778 0.758814444444 0.584803888889 0.758848888889 3.22438276423e-09
54117163 0.615614166667 0.771841111111 0.615707777778 0.771875555556 3.22438276423e-09
21576037 0.6187025 0.857126111111 0.618796111111 0.857160555556 3.22438276423e-09
81666883 0.777507222222 0.898197777778 0.777600833333 0.898232222222 3.22438267062e-09
82052231 0.573776666667 0.830577777778 0.573870277778 0.830612222222 3.22438267062e-09
17358481 0.537955277778 0.879465 0.538048888889 0.879499444444 3.22438267061e-09
83133025 0.52114475 0.768457777778 0.521196111111 0.768520555556 3.22433642419e-09
54959668 0.485650083333 0.714847777778 0.485753722222 0.714878888889 3.22432097959e-09
873519 0.481313638889 0.796021666667 0.481369444444 0.796079444444 3.22432091215e-09
62166058 0.49547575 0.796124444444 0.495517805556 0.796201111111 3.22425930735e-09
83269444 0.503820472222 0.758375555556 0.503883555556 0.758426666667 3.22425928632e-09
300391 0.503501611111 0.788550555556 0.503569888889 0.788597777778 3.22422839039e-09
83162954 0.498782369444 0.76996 0.498827358333 0.770031666667 3.22420372666e-09
83348807 0.511598277778 0.763108333333 0.511634777778 0.763196666667 3.224166691e-09
54468094 0.479746638889 0.732906111111 0.479801388889 0.732965 3.22416667275e-09
54560744 0.498015180556 0.736826111111 0.498077583333 0.736877777778 3.22414349913e-09
712270 0.595405277778 0.545402777778 0.595445 0.545483944444 3.22412032585e-09
83223140 0.500305444444 0.753531111111 0.500353405556 0.753598333333 3.22405251823e-09
36679003 0.500716447222 0.789723333333 0.500770683333 0.789782777778 3.22403551735e-09
8911773 0.552113888889 0.547039222222 0.5521525 0.547122722222 3.2240277685e-09
66176662 0.52770075 0.805448333333 0.527750777778 0.805512777778 3.22401238779e-09
34152633 0.523962166667 0.77287 0.524012194444 0.772934444444 3.22401227332e-09
78464272 0.501241319444 0.79303 0.501312963889 0.793075 3.224000025e-09
54581630 0.502221869444 0.734717222222 0.502283605556 0.734769444444 3.22399694629e-09
87228136 0.525576166667 0.771256111111 0.525621861111 0.771326666667 3.22399690253e-09
83173671 0.498317338889 0.740603888889 0.498369152778 0.740666111111 3.22397530404e-09
83262162 0.495815194444 0.762781666667 0.495881138889 0.762830555556 3.22395065177e-09
83339083 0.498115933333 0.758715555556 0.498188472222 0.75876 3.22395058998e-09
83315893 0.516157388889 0.767221666667 0.516202027778 0.767293888889 3.22391975119e-09
23650269 0.479175777778 0.723900555556 0.479220416667 0.723972777778 3.22391975119e-09
83287001 0.513563361111 0.752357222222 0.513609416667 0.752427222222 3.22388892e-09
85756551 0.492656388889 0.787459444444 0.492717472222 0.787512222222 3.22384258858e-09
85786442 0.492976055556 0.796771666667 0.493037138889 0.796824444444 3.2238425275e-09
83179661 0.512574361111 0.760510555556 0.512626638889 0.760572222222 3.22379627515e-09
86604201 0.504639722222 0.765668888889 0.504682388889 0.765744444444 3.22370370518e-09
83169571 0.507252027778 0.751202777778 0.507280333333 0.751316666667 3.22368821148e-09
47545982 0.504350583333 0.772655555556 0.504418055556 0.772703333333 3.22367282419e-09
54611180 0.509391416667 0.720284444444 0.509423833333 0.720383888889 3.22365735912e-09
54523707 0.502469952778 0.727644444444 0.502513255556 0.727718888889 3.22365127517e-09
83681848 0.274079444444 0.739213333333 0.274138055556 0.739268333333 3.22361116e-09
58377778 0.570814444444 0.762371666667 0.570873055556 0.762426666667 3.22361116e-09
65315042 0.224121944444 0.650175 0.224180555556 0.65023 3.22361116e-09
57973236 0.576743888889 0.761178333333 0.5768025 0.761233333333 3.223611105e-09
1016700 0.539383888889 0.777312222222 0.5394425 0.777367222222 3.223611105e-09
12232842 0.539383888889 0.777312222222 0.5394425 0.777367222222 3.223611105e-09
