costs
107794.0
107795.0
107796.0
107796.0
107797.0
107798.0
107801.0
107802.0
107802.0
107802.0
107802.0
107805.0
107805.0
107805.0
107805.0
107805.0
107806.0
107806.0
107806.0
107806.0
107806.0
107806.0
107806.0
107807.0
107807.0
107807.0
107807.0
107807.0
107808.0
107808.0
107824.0
107825.0
107826.0
107832.0
107835.0
107836.0
107836.0
107836.0
107839.0
107853.0
107856.0
107857.0
107859.0
107862.0
107868.0
107877.0
107877.0
107878.0
107879.0
107883.0
107886.0
107888.0
107890.0
107894.0
107896.0
107901.0
107903.0
107907.0
107910.0
107910.0
107913.0
107914.0
107916.0
107917.0
107923.0
107925.0
107925.0
107926.0
107927.0
107928.0
107929.0
107930.0
107933.0
107934.0
107934.0
107934.0
107936.0
107937.0
107937.0
107938.0
107939.0
107939.0
107941.0
107942.0
107943.0
107945.0
107945.0
107945.0
107948.0
107948.0
107948.0
107948.0
107950.0
107951.0
107954.0
107955.0
107956.0
107956.0
107957.0
107957.0
107959.0
107960.0
107970.0
107971.0
107982.0
107998.0
107999.0
108003.0
108004.0
108005.0
108007.0
108008.0
108011.0
108016.0
108017.0
108017.0
108021.0
108025.0
108025.0
108026.0
108029.0
108029.0
108029.0
108030.0
108042.0
108045.0
108046.0
108047.0
108049.0
108050.0
108051.0
108052.0
108057.0
108065.0
108068.0
108070.0
108071.0
108073.0
108074.0
108076.0
108079.0
108082.0
108083.0
108083.0
108086.0
108090.0
108095.0
108098.0
108104.0
108108.0
108108.0
108109.0
108118.0
108119.0
108121.0
108122.0
108125.0
108126.0
108129.0
108131.0
108143.0
108145.0
108155.0
108159.0
108159.0
108167.0
108177.0
108184.0
108185.0
108188.0
108188.0
108190.0
108191.0
108191.0
108201.0
108209.0
108212.0
108214.0
127075.0
161613.0
partitions
0
3957 3050 3966 3050
2729 3119 2740 3125
3801 3170 3816 3187
2325 2131 2332 2231
3989 3143 3992 3143
1913 3290 2228 3299
2153 2946 2172 2957
2645 2328 2668 2328
1
3939 3073 3940 3078
3965 3056 3968 3063
3971 3025 3972 3026
3983 3087 3999 3087
2237 2973 2240 2974
3981 3014 3982 3015
2381 2924 2524 2925
2321 0 2354 885
1425 3137 1474 3165
2165 2623 2176 2625
1331 3080 1424 3112
1601 2821 1842 2833
2321 1224 2524 1246
1347 2804 1374 2810
3943 3061 3946 3062
2
3989 2997 3990 2998
3965 3104 3966 3121
3977 3199 3999 3208
3975 3080 3986 3081
1607 2882 1666 2884
2245 2930 2276 2956
2525 3076 2548 3157
2839 1506 2864 2109
2623 3197 2646 3204
2337 2229 2368 2244
3961 3040 3962 3041
0 2846 1292 2852
3929 3245 3930 3999
1667 2865 1842 2867
2019 2906 2022 2906
2639 2359 2642 2361
2425 2942 2524 2942
3
3987 3091 3992 3093
3969 3040 3982 3040
3861 3018 3976 3018
3907 3068 3908 3075
2255 2796 2256 2796
3977 3028 3978 3029
1551 3212 1752 3221
2633 3169 2646 3187
1551 3222 1758 3262
1385 2746 1506 2748
3979 2211 3988 2847
2389 3067 2412 3080
1857 2784 1878 2786
2031 2739 2124 2741
2155 2942 2192 2945
2149 2930 2224 2931
2643 2359 2668 2361
4
3937 3082 3956 3086
3947 3063 3958 3064
2121 2742 2126 2751
3991 3000 3999 3001
3965 3033 3972 3033
3899 3074 3900 3075
3935 2827 3968 2842
2573 3204 2586 3209
1843 3004 1866 3012
2073 3025 2100 3030
2277 2955 2316 2969
2601 3200 2622 3203
1643 2834 1842 2841
1315 2793 1318 2795
3797 2862 3804 2862
2127 2934 2150 2934
3107 1550 3208 1550
5
3937 3059 3940 3059
2413 2945 2422 2945
3937 3061 3940 3062
3941 3073 3946 3077
3967 2966 3968 2966
2311 0 2320 2140
2215 2958 2224 2965
2603 3186 2614 3193
2729 3146 2742 3151
2421 2926 2434 2927
1751 3123 1764 3135
2525 2972 2628 2980
1811 3074 1822 3087
3979 3023 3980 3024
1289 2834 1294 2841
2085 2930 2106 2931
3657 2265 3804 2265
6
3861 3144 3930 3146
3981 3025 3984 3026
3861 3006 3988 3007
3989 3014 3992 3015
3931 3085 3932 3090
2229 2754 2254 2764
2245 2800 2248 2800
2525 3051 2548 3075
1193 3297 1260 3316
2317 3029 2342 3037
2321 1896 2524 2097
2539 3173 2548 3175
3963 3076 3964 3077
3997 3044 3999 3045
2429 2930 2524 2932
2163 2929 2228 2929
2021 2905 2108 2905
7
2421 2930 2422 2940
3861 3013 3980 3013
3945 3056 3946 3057
3979 3047 3982 3048
3977 3018 3982 3018
2573 3051 2608 3105
3969 3039 3970 3039
2401 2258 2524 2279
2271 2991 2294 2994
2205 2603 2228 2634
2215 2966 2224 2971
2415 2947 2416 2950
1551 2924 1568 3115
3995 2963 3996 2963
3993 3097 3996 3121
3971 2970 3974 2970
8
1339 2818 1340 2818
3917 3085 3924 3085
3915 3247 3928 3281
1343 2796 1344 2814
1321 2781 1338 2781
2713 3051 2716 3063
3861 3081 3900 3081
1551 3263 1748 3397
1507 2657 1842 2658
1517 2743 1842 2745
3835 3195 3846 3999
3815 2941 3840 2953
2169 2888 2222 2909
2209 2736 2228 2741
2097 2677 2152 2682
2631 2357 2668 2358
2013 2906 2018 2906
9
3955 3158 3956 3166
3959 3074 3960 3077
3929 3069 3946 3069
3923 3067 3924 3072
3963 3078 3964 3080
2211 2958 2212 2972
3935 2843 3968 2864
3937 2950 3960 2953
1649 3398 1842 3532
2743 1418 2786 1556
2355 3017 2368 3028
2647 3205 2678 3208
3831 0 3860 2826
0 2793 1314 2795
1365 2779 1384 2782
2393 2111 2524 2119
10
2525 2326 2644 2326
2321 2111 2392 2119
3919 3056 3920 3064
3965 3168 3976 3172
0 3097 1266 3097
3955 3049 3956 3050
2121 2978 2214 2982
1983 2742 2058 2780
2165 2612 2176 2622
745 3382 1032 3999
3929 3070 3946 3072
2591 3030 2668 3050
1923 3001 1930 3003
1267 3096 1310 3096
11
1843 3000 1930 3000
2635 2359 2636 2361
3921 3080 3930 3081
2127 2871 2128 2873
3969 3043 3972 3043
2321 2098 2332 2110
2021 2678 2022 2678
2549 3154 2560 3156
2679 3177 2702 3182
2623 3163 2672 3168
2449 3206 2504 3217
1481 3207 1550 3255
2229 2894 2304 2895
2789 3067 3860 3067
2433 2928 2524 2928
2053 2934 2126 2934
1851 3043 1852 3043
12
2253 2797 2254 2797
3973 3068 3974 3070
3971 3035 3974 3039
3957 3073 3958 3075
3973 3147 3980 3150
1793 3101 1804 3115
2109 2742 2120 2751
3943 2954 3960 2958
2741 3107 3860 3116
2623 3072 2712 3077
1887 3035 1920 3043
1767 3144 1842 3146
2001 2663 2006 2664
2047 2935 2098 2939
3985 2967 3994 2968
3971 2968 3974 2968
2057 2929 2090 2929
13
3987 3045 3996 3045
3965 3064 3970 3065
3861 3032 3966 3032
3989 2880 3999 2955
3937 3137 3946 3143
3913 3080 3914 3081
3971 3067 3974 3067
1803 3222 1842 3229
1607 2842 1636 2864
2097 2456 2152 2676
2125 2805 2228 2807
3925 2875 3968 2902
0 3131 1216 3180
2751 3138 3860 3141
2415 2929 2430 2929
2639 2364 2668 3001
3923 3121 3962 3121
14
3981 3030 3984 3033
3997 3025 3999 3028
3989 3010 3994 3010
2031 2706 2152 2720
3971 3064 3974 3065
2669 0 2700 1235
1437 3256 1468 3375
2387 2939 2404 2943
3813 2903 3860 2912
2711 3169 2728 3179
2291 0 2300 2056
2587 3204 2594 3209
2413 2946 2420 2946
2333 2232 2336 2257
1843 2909 2006 2909
2083 2933 2158 2933
1357 2789 1358 2795
15
1843 2905 2010 2905
3981 3073 3999 3074
3971 3076 3972 3078
2235 2970 2236 2971
3909 3073 3910 3075
3983 3088 3999 3090
2135 2772 2198 2775
2771 3076 2788 3079
2247 2802 2252 2859
2353 3045 2364 3068
2561 3153 2572 3156
1513 2919 1550 3011
1357 2759 1384 2759
3997 3017 3999 3017
2425 2943 2524 2943
2161 2934 2228 2934
16
2229 2796 2254 2796
3861 3133 3948 3134
3965 3073 3970 3073
3943 3056 3944 3058
1843 2978 1946 2979
3973 3122 3974 3132
2729 3076 2740 3087
2387 966 2524 1156
1759 3147 1842 3151
1507 2726 1594 2740
3925 3064 3928 3064
2385 1183 2524 1223
0 2782 1320 2782
2125 2874 2126 2878
2019 2905 2020 2905
2149 2932 2228 2932
17
3987 3044 3996 3044
1339 2820 1340 2820
3903 3078 3904 3080
3961 3042 3968 3042
2321 1158 2396 1162
3989 3058 3999 3059
1967 2657 2000 2661
2623 3078 2716 3086
2369 3029 2412 3032
2721 3064 2724 3068
2623 3087 2712 3100
3973 3079 3974 3081
2301 2973 2316 2985
2173 2946 2186 2957
1607 2868 1644 2873
2151 2934 2160 2934
3157 0 3168 1549
18
3987 3000 3990 3001
3967 3044 3968 3047
3975 3042 3978 3042
3937 3203 3962 3214
3963 3153 3980 3157
3987 3191 3999 3194
1795 3116 1806 3120
1507 2701 1574 2716
2381 3007 2398 3013
1193 3317 1252 3999
2301 3063 2316 3999
3841 3161 3852 3169
0 2790 1318 2790
2827 3427 3492 3999
2143 2721 2152 2729
2641 2362 2668 2362
2023 2906 2108 2906
19
3947 3069 3960 3069
3983 3122 3988 3139
3861 3077 3898 3077
3949 3128 3960 3132
3983 3020 3986 3020
0 2810 1330 2815
2741 3051 2748 3062
2229 2993 2252 2997
2321 2854 2330 2854
2225 2958 2228 2962
2771 1557 2788 3050
2519 3118 2524 3179
2513 3203 2524 3210
2001 2665 2006 2669
3977 3039 3978 3039
2425 2944 2524 2944
2253 2800 2254 2800
20
3971 3075 3974 3075
3991 2992 3999 2993
3969 3056 3974 3063
2413 2951 2448 2951
3979 3039 3988 3039
2865 1474 3104 1479
3989 3017 3992 3017
2317 2944 2360 2963
3805 2927 3810 2940
2271 2995 2282 3010
2765 3155 3810 3169
1341 2919 1512 3011
1507 2680 1842 2700
1347 2796 1374 2803
1341 2918 1550 2918
2107 2930 2148 2931
2055 2932 2098 2932
21
3953 3044 3956 3047
2421 2942 2422 2942
3937 3199 3962 3202
3967 3209 3999 3218
3903 3073 3904 3075
3931 3080 3932 3081
3861 2959 3946 2961
2131 3025 2228 3033
1983 2838 1992 2868
1805 3101 1812 3115
2325 2232 2332 2257
2505 3025 2524 3043
2089 0 2130 2455
2037 2456 2096 2682
2321 2233 2324 2233
3655 2265 3656 2265
2115 2932 2148 2932
22
3989 3050 3999 3052
3981 3027 3984 3029
3861 3094 3970 3095
3991 3029 3994 3029
3949 3238 3962 3999
1507 2717 1842 2719
0 3366 1032 3373
2297 2874 2300 2875
2365 2944 2390 2963
1793 3079 1802 3087
3965 3103 3970 3103
1331 3113 1424 3121
2705 3067 2712 3068
3855 3191 3860 3999
1343 2818 1344 2818
2013 2909 2108 2909
2425 2941 2524 2941
23
2317 2930 2386 2941
3983 3060 3986 3063
3947 3080 3954 3080
2229 2967 2232 2969
3927 3065 3928 3072
1385 0 1398 2728
1335 3190 1480 3192
1283 3012 1348 3055
3987 2962 3988 2963
1955 3043 2028 3062
2321 1611 2524 1895
2865 1650 2964 1959
2255 2799 2256 2799
2357 2906 2358 2929
3987 3066 3999 3069
2055 2929 2056 2929
2099 2932 2114 2932
24
3979 3014 3980 3015
3945 3144 3978 3144
2123 2801 2124 2869
2051 2934 2052 2934
3951 3053 3952 3053
2229 0 2252 2559
2387 2414 2524 2414
3965 2965 3966 2965
1317 3181 1334 3219
2253 2993 2270 2997
2177 2667 2190 2741
1857 2781 1878 2783
3967 3034 3972 3034
1283 2836 1286 2841
1303 2820 1304 2820
2055 2930 2084 2931
2645 2329 2668 2353
25
3979 3144 3980 3144
3861 3049 3952 3050
3971 3173 3974 3174
3925 3082 3936 3082
3973 3082 3980 3090
3987 3095 3992 3121
2751 3068 2762 3072
2751 3078 2760 3084
2277 3033 2316 3041
1569 3027 1680 3115
2193 3020 2218 3024
1681 3042 1724 3066
3961 3169 3964 3172
3813 2826 3820 2862
3973 2964 3978 2964
2055 2933 2082 2933
3169 0 3174 1549
26
3861 2977 3976 2987
3961 3177 3972 3177
3983 3021 3990 3021
3913 3076 3914 3079
3963 3056 3964 3060
3981 2969 3988 2970
3949 3052 3950 3052
0 3181 1182 3216
2323 2964 2336 3002
2717 3064 2720 3068
2791 3064 3860 3065
3811 3156 3840 3169
2673 3163 2710 3168
2797 3093 3860 3097
2293 2830 2312 2866
3983 0 3988 2210
3107 0 3156 1549
27
3963 3070 3964 3070
3861 2993 3974 2993
3951 3052 3952 3052
2031 2683 2152 2705
2229 2801 2246 2809
3853 3170 3858 3186
1301 3248 1316 3255
3627 2266 3634 2628
2721 1381 2764 1417
2449 3174 2504 3195
2965 1841 3208 3050
2663 3218 2678 3999
1317 3248 1334 3255
2021 2681 2030 2682
3971 2969 3974 2969
2159 2933 2228 2933
2011 2906 2012 2906
28
2645 2326 2646 2327
3987 3017 3988 3017
3965 3068 3966 3069
3975 3044 3978 3044
2059 2780 2108 2781
3963 3052 3966 3052
2729 3186 2752 3352
2343 3029 2368 3039
2449 2945 2480 3050
2295 2995 2316 3000
2321 1393 2524 1610
2779 3060 2788 3061
2235 2973 2236 2974
2127 2874 2128 2878
3935 2962 3938 2963
2091 2929 2162 2929
3175 0 3198 1549
29
3993 2963 3994 2963
3955 3076 3956 3077
3915 3199 3928 3242
3925 3083 3936 3083
0 3096 1266 3096
1551 2888 1664 2891
1761 3109 1778 3113
1647 2874 1666 2881
2593 3218 2622 3220
2109 2888 2140 2909
1385 2749 1506 2750
3957 3076 3958 3076
1795 3121 1806 3135
3969 3079 3970 3081
2027 2678 2030 2678
30
3969 3035 3970 3038
3915 3080 3916 3080
3985 3031 3988 3032
3947 3137 3974 3141
2143 2910 2228 2924
1341 2888 1550 2904
2229 2959 2244 2966
2029 3025 2046 3070
2177 2583 2190 2588
2199 2778 2228 2782
2205 2591 2228 2602
2467 3080 2504 3092
2413 3075 2424 3999
3969 2961 3974 2961
3989 3034 3990 3034
1357 2788 1358 2788
31
2525 0 2644 2325
1761 3212 1842 3218
2561 3198 2572 3213
1067 3297 1118 3999
2321 1183 2384 1223
2229 2902 2306 2915
2193 2935 2210 2954
2059 2782 2108 2782
2053 2933 2054 2933
32
1843 2998 1930 2999
3961 2966 3966 2966
3979 3053 3986 3053
3981 3152 3992 3157
3933 3187 3940 3189
2729 3071 2738 3075
2031 2677 2034 2677
2679 3199 2698 3210
2317 3038 2342 3044
1749 3141 1766 3146
3977 3030 3978 3034
1301 3242 1334 3247
2229 2800 2244 2800
1907 3289 2228 3289
33
2423 2930 2424 2939
3921 3063 3922 3065
3911 3068 3920 3069
3989 2995 3990 2995
3983 3141 3988 3141
2789 3068 2794 3071
1843 3286 1906 3287
3821 2825 3830 2862
1301 3236 1334 3239
2607 3166 2622 3178
2019 2676 2020 2676
2525 3210 2548 3999
2729 3427 2826 3999
1785 3109 1792 3115
2387 2415 2524 2417
34
3995 3035 3996 3037
2289 2866 2290 2866
3861 3028 3970 3028
1607 2865 1666 2867
3861 3023 3970 3024
2229 2871 2288 2871
2109 2885 2130 2887
2029 2670 2030 2676
2505 3203 2512 3210
1977 3004 2066 3024
1889 3025 1920 3034
1911 3013 1944 3024
2129 2742 2134 2748
3963 3066 3964 3066
2787 3062 2788 3063
35
3947 3067 3960 3068
3995 3031 3996 3032
3961 3035 3962 3036
3925 3065 3926 3072
2623 3051 2694 3063
3939 2962 3956 2963
3805 2903 3812 2912
1507 2775 1574 2795
2387 1157 2524 1157
2741 3090 2750 3097
3993 3033 3994 3034
2695 3051 2700 3063
2343 2913 2352 2929
3967 3105 3970 3121
2011 2909 2012 2909
2415 2926 2420 2927
36
3921 3056 3926 3061
3923 3063 3924 3066
3995 3008 3999 3010
1385 2744 1398 2745
3975 3070 3976 3072
1843 3271 1926 3274
2757 3051 2768 3061
3977 3023 3978 3024
2365 3045 2376 3069
2655 3209 2662 3999
2101 3059 2130 3070
2561 3030 2590 3050
1843 2908 2008 2908
1931 3000 1932 3000
37
3861 3033 3962 3034
3931 3144 3944 3146
3973 3047 3978 3047
3969 3192 3986 3198
3209 2931 3804 2951
1751 3067 1760 3109
2355 3014 2368 3016
2399 3007 2412 3013
3947 3055 3950 3055
1423 2834 1642 2841
3927 3062 3928 3062
2187 2946 2192 2957
1821 3110 1842 3110
38
3967 3051 3968 3051
3969 3050 3970 3051
3977 2985 3999 2990
3969 2962 3970 2964
2729 3051 2740 3061
3959 3073 3962 3073
2317 3014 2354 3021
2109 2752 2120 2760
3787 3188 3796 3999
1713 3533 1842 3535
2771 3080 2788 3084
2413 2972 2418 3039
1285 3056 1550 3058
1293 2858 1304 2858
3983 3064 3986 3065
39
3959 3035 3960 3037
3937 3056 3938 3058
3905 3078 3908 3079
3861 3065 3908 3065
2865 0 3104 1473
2229 2793 2320 2794
2525 3168 2538 3171
1349 3012 1550 3055
2761 3170 3786 3352
2515 3180 2524 3192
1761 3114 1778 3115
2253 2799 2254 2799
2209 2792 2228 2800
1327 3127 1330 3180
2053 2930 2054 2931
40
1339 2796 1340 2817
3975 3142 3980 3143
3861 3128 3948 3132
3967 3048 3968 3048
3995 3018 3996 3020
3979 2962 3986 2963
1771 0 1842 2432
2647 3197 2678 3204
2781 3071 2788 3075
1551 3141 1748 3146
3991 2996 3992 2996
3815 2954 3860 2964
1843 3001 1922 3003
2795 3072 3860 3075
2645 2363 2668 2363
41
3971 3044 3972 3046
3861 3121 3922 3121
3947 3073 3956 3075
3997 3095 3999 3121
3975 2993 3976 2993
3995 3029 3996 3030
1269 3094 1310 3095
3861 2827 3910 2831
2369 3033 2412 3037
3967 3052 3968 3052
2467 3069 2504 3079
1733 3156 1842 3178
2153 2620 2164 2686
3983 2972 3984 2973
1321 2782 1338 2782
2145 2730 2152 2730
42
2633 2362 2634 2362
2525 2328 2642 2329
3959 3078 3960 3080
2023 2678 2026 2678
2779 3062 2786 3063
2623 3069 2714 3071
2121 2973 2214 2977
2135 2759 2150 2771
0 2999 1274 3011
2277 3063 2300 3999
2525 3165 2548 3167
2839 1342 2864 1505
2769 3065 2778 3067
2417 2953 2448 2953
2357 2904 2358 2904
43
3947 3060 3956 3062
2109 2801 2122 2869
3861 3103 3964 3103
3957 3051 3962 3051
3971 3048 3972 3048
3945 3063 3946 3065
2365 2258 2386 2408
3893 2814 3902 2826
2449 3069 2466 3080
1811 2888 1822 3039
1331 3122 1348 3180
3987 3061 3999 3065
2399 3038 2412 3044
2817 2111 2864 3039
3917 3086 3924 3090
44
2255 2797 2256 2798
2321 2414 2322 2853
3969 0 3982 2210
3965 3070 3966 3070
3917 3065 3918 3067
2229 2751 2276 2753
2601 3194 2622 3199
2229 3019 2248 3029
2277 2930 2316 2954
0 2853 1292 2861
2589 3187 2602 3193
2669 1236 2700 1417
2549 3169 2560 3178
2127 2752 2128 2757
2295 2896 2320 2901
45
3965 3071 3970 3072
3965 3076 3968 3078
3959 3070 3962 3070
3959 3056 3962 3060
3979 3054 3986 3055
3995 3048 3999 3049
1681 2939 1760 3041
2229 2876 2320 2876
2165 0 2176 2611
1843 2778 1856 2781
1801 3088 1812 3100
1873 3013 1892 3024
1761 3219 1842 3221
1851 2707 1950 2741
3961 3081 3964 3081
46
3965 3188 3968 3193
2421 2941 2422 2941
0 2785 1320 2785
2323 2131 2324 2232
3957 3070 3958 3070
3903 3077 3904 3077
1907 3286 2228 3288
0 2888 1288 2908
1833 3021 1842 3043
2317 3069 2348 3104
1305 2862 1314 2887
1843 3284 1906 3285
1289 3181 1300 3216
2131 0 2152 2455
1947 2978 2120 2979
47
3985 3025 3986 3030
3967 3035 3968 3038
3991 3031 3992 3032
2019 2670 2020 2675
1293 2842 1304 2857
3861 2903 3876 2911
1821 3109 1842 3109
2177 0 2190 2582
2729 3114 2740 3118
1957 3082 2228 3251
2701 1231 2720 1417
2757 3144 2764 3145
3981 3016 3982 3016
2291 2057 2300 2777
3655 2214 3804 2264
48
2645 2324 2648 2324
3947 3076 3954 3077
3995 3142 3999 3142
3963 3040 3966 3041
3921 3066 3922 3072
3861 0 3892 2804
3993 3007 3999 3007
3861 2912 3902 2927
1779 3136 1842 3140
1921 3063 2028 3066
2191 2645 2208 2716
2337 2186 2426 2228
1481 3188 1550 3192
2015 2940 2098 2943
3655 0 3804 2213
49
3983 3014 3988 3015
3961 3173 3968 3176
3861 2988 3976 2990
3957 3046 3962 3046
3941 3059 3942 3060
2339 2898 2348 2905
2135 2742 2152 2752
3805 2916 3810 2926
2539 3168 2548 3172
1767 3141 1842 3143
3957 3040 3958 3040
2361 3009 2364 3013
1357 2760 1384 2766
1833 3044 1842 3087
3911 3074 3920 3075
50
1843 2933 2050 2933
1843 2789 1856 2793
3957 3054 3966 3055
2193 3004 2218 3019
2391 2944 2398 2963
3955 3066 3958 3066
3979 3027 3980 3028
2701 3062 2712 3063
2525 2365 2628 2409
2639 2363 2644 2363
51
1761 3103 1780 3108
3861 3042 3958 3042
3983 3082 3988 3086
3897 3199 3904 3242
3805 0 3808 2862
1311 3127 1326 3180
1517 2741 1842 2742
3921 2869 3924 2902
2741 3098 2760 3106
2369 3018 2412 3021
2679 3183 2690 3192
1851 2782 1856 2788
2749 3065 2756 3067
3957 3077 3958 3077
3979 3145 3980 3146
52
3983 3017 3986 3017
2635 2362 2638 2362
3929 3063 3940 3064
3861 2962 3934 2963
1813 3088 1822 3094
2025 2670 2026 2676
2549 3179 2562 3187
2573 3106 2594 3165
2321 2906 2342 2911
2865 1649 2964 1649
2295 3001 2316 3010
2713 3087 2728 3100
1311 2824 1332 2830
2287 2869 2290 2870
2313 2854 2320 2854
53
2413 2941 2420 2942
3963 3072 3964 3073
3993 3122 3994 3139
2319 2964 2322 3013
3941 3195 3964 3195
2355 810 2524 965
3877 2903 3968 2911
2449 3051 2480 3068
2679 3196 2728 3198
2647 2326 2668 2326
1727 3543 1842 3999
3959 3081 3960 3081
54
3963 3035 3966 3037
3929 3199 3930 3244
3931 3060 3934 3061
3967 3032 3972 3032
2009 2889 2108 2894
3209 2634 3638 2667
2229 2930 2244 2958
2729 3098 2740 3108
1555 2796 1798 2807
2751 3142 2764 3143
3989 2854 3999 2862
2151 2759 2166 2771
1397 2773 1506 2795
2211 2935 2228 2954
3971 2971 3974 2971
55
2633 2359 2634 2361
3963 3038 3966 3039
3941 3079 3944 3081
3861 3016 3976 3016
3985 3048 3986 3049
3811 2916 3814 2924
2609 3051 2622 3105
0 2909 1292 2931
2505 2945 2516 3020
2125 2801 2228 2804
2229 2883 2304 2893
1397 2751 1506 2772
2237 2978 2242 2985
2809 3046 2816 3050
2249 2800 2252 2800
56
3861 3039 3958 3039
3969 2948 3974 2960
0 2781 1320 2781
3903 0 3914 2826
1869 2910 1914 2924
3957 2962 3960 2963
2365 2964 2380 3003
2423 2940 2424 2940
2399 2951 2412 2952
2787 3064 2790 3065
1475 3167 1550 3174
2839 0 2864 1341
2009 2950 2014 2955
2251 2799 2252 2799
3987 2966 3988 2966
57
3961 3166 3962 3167
3965 3194 3968 3194
3915 3056 3916 3065
1343 2815 1344 2817
2109 2871 2126 2872
3981 3013 3984 3013
2031 2679 2034 2680
2669 1418 2726 1556
2059 2742 2108 2755
1575 2701 1842 2716
2337 3004 2364 3008
2537 3176 2548 3185
2417 3040 2424 3044
3853 3165 3860 3169
1339 2789 1350 2792
58
3985 3144 3999 3145
3861 2928 3918 2941
3979 2965 3988 2965
0 2834 1282 2838
2679 3169 2702 3176
3987 3060 3999 3060
1255 3217 1274 3231
3963 3074 3964 3075
1967 2652 2000 2656
2427 2186 2524 2228
3991 3040 3992 3041
2009 2908 2108 2908
2525 3008 2532 3015
59
2051 2933 2052 2933
3971 3049 3974 3049
3981 3149 3999 3150
2011 2910 2108 2924
2001 2661 2006 2662
3979 3016 3980 3016
2317 3045 2328 3068
1779 3078 1792 3090
2525 2410 2628 2971
1335 3202 1480 3255
1349 3122 1424 3180
2413 2958 2424 2971
2603 3002 2622 3015
1321 2793 1338 2795
60
3957 3049 3966 3049
2247 2765 2276 2777
1921 3025 2012 3031
3969 2211 3978 2847
2191 2574 2228 2581
2191 2635 2208 2644
2117 3004 2192 3024
1967 2662 2000 2669
1357 2767 1384 2778
2429 2947 2448 2950
1343 2820 1348 2820
61
3965 3185 3968 3186
3901 3068 3904 3069
3947 3059 3958 3059
3961 3168 3964 3168
3989 3016 3992 3016
2679 3193 2728 3195
1793 2888 1810 3069
3805 2890 3860 2898
1865 3122 1896 3270
2335 2880 2350 2886
2505 3118 2518 3179
2865 1960 2964 3050
2369 3022 2412 3024
1969 2940 2014 2949
3209 2952 3804 3050
2317 2943 2386 2943
62
3965 3051 3966 3051
3969 3185 3970 3186
3961 3074 3962 3077
3953 3051 3956 3051
3909 3244 3914 3999
3969 3161 3986 3165
1857 2787 1868 2792
1333 2836 1422 2837
2017 0 2030 2652
1957 3071 2228 3081
1831 3088 1842 3093
2317 3105 2348 3999
2389 3081 2412 3999
0 3060 1282 3062
0 3078 1282 3079
2095 2928 2228 2928
63
3993 3014 3994 3016
3975 3122 3982 3131
3861 3199 3896 3242
3959 3038 3960 3039
3987 3057 3988 3059
1843 2742 1856 2777
2525 3196 2548 3199
1827 3045 1832 3087
1745 3202 1842 3211
1765 3123 1772 3135
1275 3240 1300 3296
1533 3256 1550 3999
2189 2631 2190 2634
2029 2679 2030 2679
2053 2928 2094 2928
64
1357 2779 1358 2787
3861 3080 3900 3080
3861 3074 3898 3075
3981 3151 3999 3151
1843 0 1878 2669
2573 3210 2586 3217
2199 2958 2210 2972
2317 3022 2354 3028
2365 2409 2386 2413
2177 2635 2190 2666
2449 3196 2504 3205
3981 3023 3982 3024
2307 2902 2320 2915
2351 2890 2386 2897
65
3861 3066 3910 3067
3987 3046 3999 3046
0 2786 1316 2787
3987 3002 3990 3003
0 2839 1282 2839
1551 3538 1662 3999
2239 2998 2248 3010
1711 3538 1718 3999
3993 3140 3994 3143
2365 3092 2388 3999
1843 2803 1856 2868
3917 3081 3920 3081
2317 2942 2386 2942
2011 2905 2018 2905
66
3105 0 3106 1549
3977 3025 3978 3026
3921 3077 3932 3079
3963 3033 3964 3033
3959 3066 3962 3066
3995 3016 3996 3017
2321 2880 2328 2887
2729 3142 2750 3143
3969 2853 3988 2893
1903 0 1966 2669
2283 2995 2294 3010
2291 2801 2300 2829
2387 2937 2412 2938
2535 3002 2602 3008
3997 3035 3999 3036
67
3861 3048 3954 3048
3911 3082 3916 3082
3971 3071 3974 3072
3941 3188 3964 3189
3983 3044 3984 3046
3991 3023 3999 3023
2399 2948 2412 2950
2229 2916 2314 2920
3997 3018 3999 3020
2525 3016 2566 3023
3977 3019 3982 3019
1341 2796 1342 2813
1333 2870 1606 2887
1997 2935 2040 2939
2129 2874 2228 2878
3975 3179 3976 3184
68
3861 3178 3956 3178
3933 3073 3938 3078
3861 3193 3964 3194
3861 3179 3956 3180
3985 2972 3999 2972
3975 3049 3978 3049
2271 2986 2298 2990
2713 3064 2716 3068
3941 3078 3946 3078
2561 3169 2572 3178
1897 3106 1956 3251
1333 2842 1578 2858
1819 3116 1842 3135
1843 2956 1892 2957
3993 3017 3994 3017
69
3931 3056 3932 3059
0 2788 1320 2789
3967 2942 3968 2965
3975 3078 3986 3079
3969 2848 3988 2848
3961 3196 3964 3198
3209 2729 3804 2857
1843 3290 1912 3299
2549 3214 2562 3999
2729 3129 2746 3133
1899 2816 1982 2868
2419 2972 2424 3039
2035 0 2088 2295
2153 2935 2192 2941
1645 2868 1842 2873
3995 2995 3999 2995
70
3973 3044 3974 3046
3861 3022 3972 3022
3861 3116 3962 3120
3963 3151 3980 3152
3971 3054 3978 3054
3979 3042 3984 3042
3969 3188 3999 3190
2321 1028 2386 1157
1879 2742 1904 2815
1993 2838 2058 2868
2073 3031 2100 3070
2191 2582 2228 2590
3815 2933 3860 2940
2125 2869 2228 2870
1293 2871 1304 2887
71
3959 3158 3960 3166
3969 3076 3970 3078
1283 3056 1284 3058
2573 3179 2588 3186
1779 3091 1786 3102
2789 3072 2794 3075
2525 3204 2548 3209
2389 3045 2412 3055
2449 3218 2504 3999
3847 3257 3854 3999
3967 3195 3968 3198
3935 3062 3936 3062
2011 2907 2108 2907
72
3985 3146 3999 3146
3993 3094 3994 3094
3957 3047 3962 3047
2023 2670 2024 2676
3861 2942 3918 2953
2525 2327 2642 2327
1811 3063 1822 3073
1897 3269 1930 3270
1289 2821 1290 2828
2153 2719 2164 2741
1733 3152 1842 3155
2965 1560 3208 1712
3991 3056 3999 3056
3975 3178 3976 3178
3997 2976 3999 2976
73
3961 3122 3970 3132
2423 2944 2424 2944
3965 3067 3970 3067
3901 3079 3902 3081
3915 3282 3928 3999
2423 2941 2424 2942
3635 2266 3638 2633
2751 3073 2770 3075
1909 2980 1942 2991
1759 3222 1772 3262
2741 3063 2748 3064
2339 2854 2350 2879
1513 2909 1550 2915
2031 2733 2124 2738
2635 2364 2636 3001
2631 2356 2668 2356
74
3861 3056 3906 3064
3981 2974 3988 2976
3937 3235 3946 3237
3947 3052 3948 3052
2623 3064 2700 3068
3861 2805 3892 2826
1425 3080 1464 3136
1375 2796 1442 2817
1843 2980 1908 2991
1635 2791 1828 2795
2153 2755 2228 2758
2481 3106 2504 3173
1869 2787 1878 2792
3989 2971 3999 2971
3993 2996 3996 2996
3997 2963 3999 2963
75
3861 3025 3970 3027
3921 3073 3932 3076
3971 3094 3974 3121
3927 3061 3930 3061
3931 3199 3936 3243
3919 3065 3920 3067
3209 2862 3796 2862
1779 2888 1792 3077
1369 3256 1436 3370
0 3382 744 3999
2109 2879 2228 2882
2389 3056 2412 3066
3815 2921 3860 2925
3997 3012 3999 3013
2421 2946 2448 2946
76
3987 2998 3988 2998
3861 3122 3960 3123
3989 3040 3990 3041
1843 2907 2010 2907
2193 2956 2196 2956
3973 3048 3978 3048
3969 2968 3970 2968
2747 3126 3860 3133
2525 3186 2548 3191
1233 3205 1260 3216
1867 3004 1904 3012
1453 3388 1468 3999
2125 2815 2228 2826
3975 2948 3976 2961
2053 2927 2228 2927
1345 2818 1348 2818
77
2229 2797 2252 2798
3865 3185 3932 3186
3937 3215 3962 3228
3989 3035 3990 3038
3037 1480 3104 1504
2769 3063 2778 3064
2417 2947 2428 2950
1921 3032 2000 3042
3973 2973 3978 2973
1391 2751 1396 2795
1955 2683 1996 2693
3957 3170 3958 3184
1341 2820 1342 2820
3989 3033 3990 3033
78
3209 0 3654 2264
3861 3053 3946 3053
3963 3199 3976 3208
3931 3062 3934 3062
2229 2810 2246 2859
3957 3053 3966 3053
2355 0 2524 809
2721 0 2764 1380
2647 3169 2678 3180
3809 0 3812 2862
3953 3053 3956 3053
1843 3300 2228 3335
2801 2111 2816 3042
3945 3058 3946 3058
79
3975 3066 3984 3069
1843 2910 1868 2924
1341 2909 1512 2915
2337 2245 2380 2257
2297 2867 2300 2873
2229 3052 2276 3070
1853 3025 1888 3034
2525 2992 2586 3001
2343 2906 2352 2912
2299 2973 2300 2985
2369 3025 2412 3028
3971 3023 3972 3024
2629 2364 2634 3001
1321 2784 1338 2784
80
3963 3067 3964 3069
2729 3353 3514 3425
1911 2869 2008 2900
3983 3047 3984 3049
3937 2942 3960 2949
2395 2412 2398 2413
2369 3014 2412 3017
1507 2638 1842 2656
2225 2963 2228 2967
1819 2803 1842 2817
3989 3031 3990 3031
2391 2418 2524 2420
2615 3186 2622 3193
3945 3079 3946 3081
1321 2783 1338 2783
81
3947 3078 3954 3079
3983 3000 3986 3001
2253 2798 2254 2798
3957 3048 3962 3048
0 3080 1310 3090
2253 0 2276 2559
2229 2921 2320 2921
3903 2912 3968 2927
2007 0 2016 2652
1637 2842 1660 2864
1355 3375 1368 3999
2567 3016 2638 3029
2565 3188 2572 3197
3919 2964 3932 2966
2747 3065 2748 3067
2143 2730 2144 2730
82
3965 3187 3968 3187
3927 3056 3930 3060
3975 3057 3986 3059
3953 3152 3962 3157
3989 2996 3990 2996
1507 2675 1842 2679
2229 2998 2238 3010
1385 2751 1390 2795
1799 2803 1818 2817
1301 3271 1368 3374
3979 2966 3986 2966
1481 3181 1550 3187
1933 2992 2120 2997
3995 3038 3996 3039
2817 3048 2864 3050
2145 2731 2152 2732
83
2413 2944 2422 2944
3975 3062 3982 3063
3861 3147 3926 3151
1357 0 1384 2751
3983 3142 3988 3143
1823 2888 1832 3032
2729 3134 2742 3141
2031 2678 2034 2678
1853 3044 1888 3055
2059 2783 2094 2868
2711 3108 2728 3113
1295 2827 1310 2841
1357 2756 1384 2757
2315 2916 2320 2920
84
3921 3062 3926 3062
3925 3085 3928 3090
3917 3056 3918 3064
2017 2670 2018 2676
2253 2801 2272 2816
2109 2761 2120 2776
0 2932 1274 2998
1301 3220 1334 3235
2341 2098 2354 2110
2787 1418 2800 1556
2585 3166 2594 3178
1507 2750 1534 2774
3933 2964 3960 2966
1893 2956 2012 2957
85
3967 3049 3968 3049
3933 3056 3934 3059
3947 3070 3956 3070
3985 3044 3986 3047
1323 0 1324 2780
2229 2986 2252 2992
2769 3051 2778 3060
2209 2635 2218 2732
2481 2945 2504 3031
1951 2700 2030 2704
2377 3045 2388 3069
3815 2965 3860 3050
3903 3081 3904 3081
3929 3062 3930 3062
86
3975 3173 3976 3177
0 2783 1320 2784
3861 3186 3864 3189
3983 3016 3988 3016
3985 2973 3999 2973
3989 2965 3992 2965
3985 3050 3986 3052
1663 3538 1694 3999
3985 3011 3988 3011
2369 3038 2398 3044
2335 2887 2350 2890
2365 3004 2380 3009
1291 2821 1294 2828
2535 3009 2602 3015
3639 2266 3644 2633
87
2031 2730 2142 2730
3979 2972 3982 2973
3861 3043 3956 3043
3861 3243 3904 3265
0 2796 1338 2804
1829 2775 1834 2789
2229 2896 2294 2901
1665 2888 1680 2898
2965 1551 3208 1559
1811 3040 1822 3062
1881 3056 1920 3070
2743 3134 2746 3141
2369 2229 2524 2244
3987 3041 3988 3041
3983 2961 3988 2961
88
3209 2858 3798 2861
3993 3040 3999 3041
3969 3191 3986 3191
3963 3071 3964 3071
3957 3082 3958 3086
3953 3054 3956 3054
3965 3195 3966 3198
2153 2687 2164 2718
2311 2141 2320 2777
1013 3297 1032 3365
2109 2874 2124 2878
2701 3064 2704 3068
1579 2842 1606 2858
2355 2098 2524 2110
3209 2876 3804 2930
1321 2785 1338 2785
89
1843 2677 2022 2677
3861 2974 3980 2976
3985 3008 3988 3010
3991 3018 3992 3020
0 3094 1268 3095
3981 3070 3984 3072
1681 2888 1760 2938
3861 2832 3934 2841
1267 3098 1268 3180
1443 2796 1554 2817
2699 3199 2728 3210
2229 2976 2242 2977
2229 3071 2276 3999
3997 3033 3999 3034
2425 2930 2428 2932
90
1843 2929 2052 2929
1855 3096 1896 3109
1551 3119 1772 3122
1921 3067 2028 3070
2253 3011 2276 3018
2259 2998 2270 3010
3805 2955 3814 3050
3915 3081 3916 3081
91
3959 3071 3962 3072
3933 3080 3938 3081
3987 3018 3990 3019
3971 3050 3978 3050
3987 2999 3988 2999
2729 3062 2740 3064
1761 2888 1772 3093
2337 3009 2360 3013
1289 2888 1340 2908
0 3015 1276 3057
1481 3193 1550 3206
2295 2991 2316 2994
0 3118 1216 3130
3209 2866 3804 2873
1813 3095 1822 3100
92
2525 2354 2630 2356
3933 3185 3940 3186
2123 2870 2124 2870
3861 3003 3986 3003
0 3063 1282 3077
2387 2421 2388 2426
2561 3051 2572 3152
2191 0 2228 2430
3967 3082 3968 3086
2595 3166 2606 3178
3969 3052 3970 3052
0 3098 1216 3110
3917 2964 3918 2966
3969 2849 3988 2852
2381 2245 2524 2257
93
3947 3056 3958 3058
1295 2821 1300 2823
3983 3022 3990 3022
2359 2929 2414 2929
1843 2680 2018 2682
3967 3219 3999 3225
2525 3176 2536 3185
3919 2869 3920 2902
993 3297 1012 3365
2505 3193 2516 3202
2789 3061 2804 3063
1575 2746 1842 2774
2769 3061 2778 3062
1507 2720 1842 2725
3993 3183 3999 3184
94
0 2818 1338 2819
3861 3054 3946 3054
1777 3136 1778 3140
1749 3263 1842 3397
3841 3142 3852 3160
1853 3056 1880 3070
2761 1557 2770 3050
2637 3216 2646 3999
3913 3083 3916 3090
2305 2892 2320 2895
3969 3053 3970 3055
95
3989 2974 3990 2976
3991 3025 3994 3028
2125 2827 2214 2828
3969 3187 3999 3187
0 2805 1338 2809
2255 2754 2276 2764
2135 2783 2190 2800
2229 3030 2248 3051
1555 2808 1798 2817
3209 2863 3804 2865
2285 2973 2298 2985
3933 3079 3938 3079
2425 3043 2448 3059
1287 2832 1288 2833
3959 3172 3960 3177
96
3981 3147 3999 3148
3961 2965 3964 2965
3961 3043 3968 3043
3929 3085 3930 3090
2631 2354 2668 2355
1879 0 1884 2669
3989 2956 3999 2956
2771 3071 2780 3075
1863 3071 1896 3095
2525 3192 2548 3195
1385 2733 1398 2743
1843 3336 2228 3999
1607 2885 1666 2887
1319 2790 1338 2790
97
3861 3020 3972 3021
3987 3025 3988 3030
3969 3082 3972 3082
3943 3059 3946 3060
2247 2801 2252 2801
3957 3043 3960 3043
2549 3051 2560 3153
2525 2332 2642 2353
2623 3188 2646 3196
1385 2731 1398 2732
1983 2781 2058 2837
2413 3045 2424 3074
1333 2859 1606 2869
1293 2859 1304 2870
1351 2811 1374 2817
98
3861 2991 3976 2992
3989 3053 3994 3054
2643 2328 2644 2330
2257 2778 2320 2788
3955 3080 3956 3080
2317 2964 2318 3013
0 1693 488 2780
2729 3088 2740 3097
1905 2742 1982 2815
1511 2741 1516 2745
2525 3024 2566 3029
2229 2877 2320 2877
2321 1174 2524 1182
2349 2904 2356 2905
2289 2871 2290 2871
99
0 2791 1320 2792
3989 2999 3990 2999
2321 2131 2322 2232
3909 3199 3914 3243
3987 3158 3999 3159
2749 3051 2756 3064
1885 0 1902 2669
1607 2874 1646 2881
1261 3181 1270 3216
2573 3218 2584 3999
1893 3013 1910 3024
1333 2826 1422 2835
2243 2983 2272 2985
1939 3001 2228 3003
3861 3055 3946 3055
100
3991 3035 3994 3037
3959 3063 3964 3064
3969 3083 3972 3090
3971 3073 3974 3074
2525 2357 2628 2358
3993 2959 3994 2962
3991 3002 3999 3003
1283 3059 1286 3061
2387 2412 2390 2412
2291 2867 2294 2871
2779 3066 2784 3067
1951 2697 2030 2699
2517 3193 2524 3202
3861 2900 3918 2902
3935 2868 3968 2868
101
3957 3168 3958 3168
3941 3185 3964 3187
3973 3022 3976 3023
3933 3085 3936 3090
3935 3059 3936 3059
1305 2842 1314 2861
2321 886 2354 965
1789 3116 1794 3120
1773 3116 1776 3122
1279 3181 1288 3216
2679 3215 2698 3999
2805 3055 3860 3063
3979 2961 3982 2961
3517 3426 3786 3426
2215 2827 2228 2828
102
3959 3168 3960 3168
3947 3066 3954 3066
2729 3068 2742 3070
3993 3030 3994 3030
3911 2827 3934 2831
2023 2679 2028 2679
2321 1273 2524 1392
1475 3175 1550 3180
2639 3016 2668 3029
3955 3048 3956 3048
3989 3032 3990 3032
2431 2929 2524 2929
3997 2999 3999 2999
103
3993 3091 3994 3093
3985 3012 3988 3013
3989 3008 3994 3009
3209 2265 3654 2265
2359 2898 2380 2913
0 0 186 1692
1551 3139 1776 3140
1233 3181 1260 3204
1357 2753 1384 2755
2587 2981 2596 3001
2691 3183 2702 3192
2191 2729 2208 2741
3989 3039 3990 3039
2649 2324 2668 2324
2257 2797 2270 2798
2649 2323 2668 2323
104
3989 2959 3992 2962
2645 0 2668 2321
3961 3078 3962 3080
2229 2778 2256 2788
2525 2330 2642 2331
3861 2964 3916 2966
2729 3170 2752 3185
2679 3211 2698 3214
2603 3179 2622 3182
1905 3004 1926 3012
1425 3166 1474 3180
3967 3090 3968 3090
3831 2827 3860 2862
2355 2906 2356 2929
2323 2414 2350 2790
2271 2796 2320 2796
105
3861 3051 3948 3051
3963 3158 3966 3165
3963 3098 3970 3102
1341 2816 1342 2817
3821 0 3830 2824
2353 2906 2354 2913
2765 0 2800 1403
1275 3012 1282 3014
3989 2875 3999 2879
2337 2131 2384 2185
2249 3019 2276 3029
2321 2855 2330 2879
2785 3066 2788 3067
3993 2964 3994 2964
3989 2966 3992 2966
106
3937 3060 3940 3060
3963 3219 3966 3225
3975 3064 3982 3064
3971 3029 3972 3031
3941 3196 3960 3198
3909 3080 3910 3081
2245 2799 2250 2799
3805 2863 3826 2889
2561 3157 2572 3168
1661 2863 1842 2864
3813 0 3820 2825
2225 2974 2228 2997
2121 2758 2126 2800
2109 2873 2126 2873
1671 2874 1842 2882
2257 2796 2270 2796
107
1843 3025 1850 3042
3973 3033 3976 3033
3911 3076 3912 3079
3961 3037 3962 3039
2365 3010 2368 3013
3991 2995 3994 2995
1895 2958 2006 2971
1475 3080 1550 3157
3963 3166 3978 3167
2013 3025 2028 3031
1595 2726 1842 2740
3997 3004 3999 3005
2751 3076 2770 3077
3977 3070 3980 3072
1305 2820 1324 2820
108
3901 3076 3902 3076
3979 3035 3988 3038
3935 3056 3936 3058
2289 0 2290 2777
3981 3043 3984 3043
2701 3051 2712 3061
1551 3147 1718 3159
1551 3398 1648 3532
2199 2772 2228 2777
1665 2899 1680 2902
2413 2955 2424 2957
3841 2941 3860 2953
2401 2280 2524 2411
3997 3029 3999 3030
1345 2815 1346 2817
109
3989 3122 3992 3142
3969 3044 3970 3047
3975 3132 3982 3141
3937 3229 3962 3234
3515 3353 3516 3425
3969 2965 3970 2966
3977 3173 3986 3184
2277 3048 2316 3054
1897 3071 1956 3105
2735 3065 2740 3067
2711 3180 2728 3192
2525 3200 2548 3203
1425 3391 1436 3999
1359 2779 1364 2787
1365 2783 1384 2795
2357 2905 2358 2905
110
3959 3169 3960 3169
3983 3018 3986 3019
3953 3049 3954 3050
3861 3152 3952 3157
3901 3073 3902 3075
1667 2874 1670 2882
3787 3170 3800 3187
3979 3049 3982 3049
3969 2894 3988 2947
1945 3004 1976 3024
0 2862 1292 2887
3947 2959 3960 2961
3995 3033 3996 3034
3989 3023 3990 3024
2229 2922 2320 2929
2387 2413 2390 2413
111
2865 1550 3106 1550
3995 3025 3996 3028
3985 3042 3990 3042
1843 3278 2228 3281
3853 3142 3860 3164
3861 2954 3942 2958
2135 2753 2152 2758
1437 3388 1452 3999
1569 2903 1680 3026
1719 3147 1732 3155
2487 3093 2504 3105
2425 3060 2448 3070
1931 3269 2228 3270
3995 3143 3999 3143
2643 2331 2644 2353
112
3861 3044 3952 3047
0 2821 1286 2833
2645 2322 2668 2322
3961 3178 3972 3184
3861 3096 3970 3097
2253 2817 2272 2859
2329 2880 2334 2887
3805 2941 3814 2943
2099 2935 2152 2941
1813 3101 1820 3110
3817 3180 3846 3194
1277 3015 1282 3057
2295 2867 2296 2874
2397 1158 2524 1162
2129 2871 2228 2873
113
3975 3056 3988 3056
3973 3028 3976 3032
2359 2928 2414 2928
3969 3049 3970 3049
3967 3070 3968 3070
2623 3205 2636 3215
2291 2830 2292 2866
2101 3025 2130 3058
1843 3288 1906 3289
1947 2972 2120 2977
1493 3256 1512 3999
2563 3214 2572 3999
1787 3091 1792 3102
2817 3044 2864 3047
3993 3055 3999 3055
114
3861 2972 3978 2972
3969 3041 3986 3041
2729 3426 3514 3426
3947 3235 3962 3237
1341 2916 1550 2917
3993 3173 3999 3182
2321 966 2386 1027
3997 2997 3999 2998
1773 3222 1802 3245
3991 2994 3999 2994
2255 2795 2256 2795
1725 3042 1760 3066
2785 3068 2788 3070
3915 0 3920 2826
2301 2183 2310 2777
115
2525 2362 2632 2362
3861 3185 3864 3185
3975 2967 3984 2967
3991 3042 3999 3042
3969 3042 3974 3042
2289 2867 2290 2868
1843 3071 1862 3095
3949 2928 3968 2941
2549 3188 2564 3197
1335 3193 1480 3201
2219 3004 2228 3014
3963 3034 3966 3034
2637 2359 2638 2361
1333 2838 1422 2841
1851 3025 1852 3042
116
2801 0 2838 2110
3977 2992 3988 2994
3953 3052 3956 3052
3983 3140 3988 3140
3987 3195 3999 3198
1311 3123 1330 3126
2865 1551 2964 1648
2449 3081 2466 3092
2761 3098 3860 3106
2595 3106 2622 3165
3847 3187 3854 3256
1843 2950 1888 2955
2015 2944 2098 2949
2533 3008 2534 3015
3995 2964 3999 2964
117
2127 2742 2128 2751
3947 3071 3958 3071
3983 3023 3988 3024
3993 3018 3994 3020
3861 2994 3974 2994
3997 3031 3999 3032
3209 2668 3804 2728
1681 3067 1750 3109
0 3297 932 3365
1661 2842 1842 2862
2715 3069 2728 3071
1753 3212 1760 3221
1347 2811 1350 2817
2399 2953 2412 2963
3981 3034 3984 3034
1781 3103 1792 3106
118
2229 2860 2288 2866
3987 3094 3992 3094
3915 3079 3920 3079
1695 3538 1710 3541
1507 2574 1842 2637
2789 3051 2804 3060
1507 2746 1534 2749
1261 3297 1300 3316
3909 3065 3910 3065
2277 3055 2316 3062
1753 3110 1760 3115
1829 2790 1834 2795
1301 2821 1312 2823
119
3993 3095 3996 3096
3909 3181 3956 3184
2025 2677 2026 2677
3985 3033 3988 3034
3915 3066 3916 3067
3861 3197 3940 3198
2629 2357 2630 2358
2273 2973 2284 2985
1033 3297 1066 3999
1241 3217 1254 3296
1823 3094 1834 3100
1423 2821 1600 2833
2425 2955 2448 2971
1399 2744 1506 2745
3997 2961 3999 2962
1321 2788 1338 2789
120
3991 3030 3992 3030
3977 3022 3980 3022
3861 3091 3970 3091
3973 3177 3974 3177
3989 2964 3992 2964
3931 3244 3936 3999
3977 3016 3978 3016
2229 3011 2252 3018
2191 2783 2208 2800
1843 2794 1856 2798
2789 3076 2798 3084
1507 2659 1842 2674
1341 2814 1342 2815
1931 3001 1938 3003
3517 3353 3548 3425
2233 2967 2244 2969
121
3957 3158 3958 3166
3949 3133 3964 3136
3979 2964 3988 2964
2533 3002 2534 3007
2177 2631 2188 2634
1799 2796 1832 2802
1183 3181 1232 3216
1275 2942 1340 3011
1951 2694 2030 2696
2605 3210 2622 3217
2605 3204 2622 3209
2237 2972 2238 2972
2423 2945 2448 2945
3975 3052 3978 3053
2301 2875 2320 2875
122
1843 2925 2052 2927
3977 3035 3978 3038
3939 3056 3940 3058
2349 2898 2356 2903
3989 3013 3994 3013
3209 2874 3804 2875
2335 2891 2342 2897
2337 2964 2364 3003
2779 3064 2786 3064
2177 2589 2190 2601
2035 2456 2036 2682
1475 3158 1550 3166
3989 2969 3999 2970
2623 3002 2668 3015
2321 2234 2324 2257
123
3861 3014 3978 3015
3975 3035 3976 3039
0 3091 1310 3093
1287 2834 1288 2841
3927 2928 3948 2941
3973 2962 3978 2963
3815 2916 3860 2920
2647 3181 2678 3196
3911 3066 3914 3067
2131 3034 2228 3070
3979 2969 3980 2971
2415 2928 2432 2928
3977 2948 3978 2961
124
3947 3081 3956 3081
3987 3004 3988 3005
3861 3135 3948 3136
3899 3077 3900 3077
2387 2930 2412 2936
2209 2733 2228 2735
2109 2777 2120 2800
2701 0 2720 1230
1835 2775 1842 2784
2299 2986 2316 2990
2305 2883 2320 2891
3979 3026 3980 3026
2199 2956 2228 2957
2419 2954 2448 2954
125
3963 3044 3966 3046
2031 2721 2142 2729
2229 2972 2236 2972
1843 3043 1850 3043
3937 3238 3948 3999
3919 2942 3936 2953
3921 0 3968 2780
1551 3179 1660 3211
3995 3043 3999 3043
2017 2958 2120 2971
2385 2131 2524 2185
3971 2962 3972 2964
3995 3012 3996 3013
3973 3021 3976 3021
2229 2872 2290 2873
1793 2818 1842 2820
126
3861 2967 3968 2967
3969 3158 3986 3160
3989 3057 3999 3057
2229 2560 2276 2750
3969 2967 3970 2967
1635 2775 1828 2790
2191 2717 2208 2728
2805 3051 3860 3054
3925 2869 3968 2874
2705 3064 2712 3066
1287 2821 1288 2831
3997 2959 3999 2960
2323 2791 2350 2853
3799 2860 3804 2861
127
3951 3051 3952 3051
3975 3060 3982 3061
3971 3047 3972 3047
3985 3043 3994 3043
3971 3079 3972 3081
2019 2680 2020 2682
1897 3252 1916 3268
2573 3187 2588 3193
2381 2964 2412 2993
2965 1713 3208 1840
2321 2912 2342 2929
0 3111 1216 3117
1997 2689 2030 2693
2129 2761 2134 2800
3995 2967 3999 2968
128
2351 2414 2386 2425
3965 3079 3968 3081
3929 3066 3946 3067
3911 3070 3920 3071
2273 2827 2288 2859
2381 2898 2524 2923
1937 2694 1950 2706
3987 3173 3992 3184
2191 2431 2228 2573
2505 3087 2524 3117
2177 2602 2190 2630
2027 2677 2028 2677
2397 2421 2524 2897
1317 2786 1338 2787
3959 3178 3960 3180
129
3861 3008 3984 3011
3861 3004 3986 3005
3861 3195 3940 3195
3967 3068 3968 3069
3967 3158 3968 3165
3947 3142 3974 3143
3981 3082 3982 3090
1843 3110 1896 3114
2707 3169 2710 3192
2765 3142 3810 3154
2481 3032 2504 3068
3981 2971 3988 2971
2751 3092 2770 3097
3971 3055 3978 3055
3811 2925 3814 2940
1339 2793 1350 2795
130
1339 0 1356 2786
1535 2746 1574 2774
3797 3188 3816 3999
1551 2892 1664 2902
3973 2965 3976 2966
2257 2799 2320 2799
131
2289 2801 2290 2865
3861 2970 3970 2970
1843 2972 1946 2977
2001 0 2006 2660
2007 2958 2016 2971
1843 2694 1936 2706
2219 2635 2228 2732
1843 3115 1896 3121
3865 3187 3932 3189
3815 2926 3860 2932
3645 2266 3804 2617
1843 2940 1968 2949
3991 3055 3992 3055
3959 3181 3960 3184
132
3861 3040 3956 3040
3961 3067 3962 3068
2525 3002 2532 3007
3965 3133 3974 3136
2413 2954 2416 2954
1857 2742 1870 2780
3995 3021 3999 3022
1921 3043 1954 3062
2637 3205 2646 3215
3639 2634 3804 2667
2277 3024 2316 3032
2349 3102 2364 3999
2237 2970 2316 2971
2295 2875 2296 2875
2241 2973 2242 2974
1351 2789 1356 2792
133
3957 3167 3958 3167
3949 3051 3950 3051
3989 3004 3996 3005
3963 3209 3966 3218
3969 3074 3970 3075
1345 2796 1346 2814
2623 3169 2632 3187
2549 3157 2560 3168
2505 3021 2524 3024
3971 2965 3972 2966
1727 3538 1842 3542
2205 2759 2228 2771
1951 2705 2030 2741
2035 2296 2088 2455
2399 2412 2524 2413
3975 2994 3976 2994
134
3967 3050 3968 3050
3971 3091 3976 3093
3923 3082 3924 3084
2413 2953 2416 2953
3965 2942 3966 2964
1283 2834 1286 2835
2717 3051 2720 3063
2229 2978 2236 2985
1271 3181 1278 3216
3627 2629 3634 2633
2525 3043 2560 3050
2323 3003 2336 3013
2229 2971 2234 2971
1843 2935 1996 2939
2431 2933 2524 2940
1325 2820 1338 2820
135
3861 3035 3958 3038
2645 2323 2648 2323
3989 3082 3999 3086
3973 3076 3974 3078
3859 3170 3860 3185
3967 3039 3968 3039
3953 3055 3956 3055
2321 2888 2326 2897
3817 3195 3834 3999
2525 3030 2560 3042
2351 2426 2386 2428
2771 3091 3860 3092
1813 3111 1820 3115
2725 3064 2728 3068
2351 2429 2386 2433
136
3989 3025 3990 3030
3861 3072 3900 3073
3971 3051 3978 3051
3969 3173 3970 3176
1781 3120 1788 3135
1575 2775 1634 2795
1369 3371 1436 3390
2751 3085 2770 3091
3989 2957 3999 2958
2121 2752 2126 2757
1667 2883 1842 2884
2129 2753 2134 2760
3973 3034 3976 3034
2257 2795 2320 2795
137
2645 2325 2668 2325
3861 3029 3970 3031
2387 2258 2390 2411
3903 3076 3904 3076
3969 3048 3970 3048
3945 3145 3978 3146
2423 2943 2424 2943
3987 3047 3999 3047
2277 3011 2316 3023
2525 2981 2586 2991
489 1693 564 2780
2121 2989 2214 2997
1695 3542 1710 3999
2321 2406 2364 2413
3935 3084 3936 3084
1843 3065 1852 3070
138
1339 2787 1356 2787
3989 2992 3990 2994
3971 3066 3974 3066
3911 3080 3912 3081
1385 2729 1398 2730
1761 3094 1772 3102
2703 3169 2706 3192
3617 2266 3626 2633
1773 3246 1802 3262
2743 3157 2764 3169
2593 3221 2622 3999
2141 2888 2168 2909
2015 2950 2098 2955
2255 2800 2256 2800
139
3979 3044 3982 3046
1821 3101 1842 3108
1927 2910 1942 2924
1507 2741 1510 2745
2359 2914 2380 2925
2333 2098 2340 2110
1745 3179 1842 3201
3805 2899 3860 2902
2405 2939 2412 2943
2413 3040 2416 3044
1803 3239 1842 3262
1843 2997 1926 2997
1821 3111 1842 3115
1633 2818 1792 2820
140
2865 1505 3104 1549
3905 3080 3908 3081
3987 3078 3992 3081
3959 3065 3964 3065
3937 3090 3966 3090
2573 3194 2600 3197
2391 2258 2400 2410
2589 3179 2602 3186
1803 3235 1842 3238
1857 2793 1878 2798
1773 3094 1778 3102
1927 2992 1932 2997
1835 3094 1842 3100
2131 2885 2228 2887
3975 2968 3984 2968
141
3939 3079 3940 3079
2357 2898 2358 2903
3905 3068 3906 3075
3915 3243 3928 3246
3971 3068 3972 3070
3893 0 3902 2813
3805 2913 3814 2915
823 0 1322 2780
1843 3122 1864 3270
1843 3013 1872 3024
1255 3232 1274 3296
2763 3068 2770 3072
2505 3217 2524 3999
2041 2935 2046 2939
2425 2933 2430 2940
3799 2858 3804 2859
142
1843 2934 2050 2934
3989 3056 3990 3056
3977 2991 3994 2991
3967 3040 3968 3041
1551 2903 1568 2923
1843 2958 1894 2971
1681 3110 1752 3115
1399 0 1506 2728
1469 3256 1492 3999
2747 3134 3860 3137
2517 2945 2524 3020
3967 3104 3970 3104
2059 2779 2108 2779
2369 3010 2380 3013
2271 2797 2320 2798
143
3861 2998 3986 2998
3861 3079 3900 3079
3963 3226 3999 3231
3991 3038 3994 3039
3961 3069 3962 3069
3911 3072 3920 3073
2727 1418 2742 1556
1843 2799 1856 2802
2699 3211 2710 3999
2365 3070 2388 3091
0 3374 1032 3381
3993 3078 3999 3081
2817 3040 2864 3043
1321 2791 1338 2791
144
3925 3063 3928 3063
3959 3167 3960 3167
3901 3077 3902 3078
1843 2670 2016 2676
2009 2895 2108 2904
2229 2765 2246 2777
3995 2959 3996 2962
2573 3198 2600 3203
2741 3076 2750 3089
1119 3297 1192 3330
1253 3317 1300 3999
1719 3156 1732 3178
2223 2888 2228 2909
1319 2793 1320 2795
3993 2965 3994 2966
1351 2793 1356 2795
145
3987 3050 3988 3055
3861 3012 3984 3012
3909 3076 3910 3078
2413 2952 2448 2952
3959 3061 3964 3061
1823 3045 1826 3087
2729 3065 2734 3067
2135 2776 2198 2782
1853 3035 1886 3043
1719 3538 1726 3999
2603 3183 2622 3185
1283 3062 1462 3079
2585 3218 2592 3999
2047 2956 2098 2957
2053 2932 2054 2932
146
1843 2906 2010 2906
3861 3190 3964 3192
3975 3073 3980 3074
1915 2910 1926 2924
1289 2829 1294 2831
3993 3006 3999 3006
1879 2816 1898 2868
3805 2944 3814 2952
2647 3209 2654 3999
2121 2983 2214 2988
3957 3169 3958 3169
1843 2707 1850 2741
2425 3071 2448 3075
2351 2434 2386 2889
3985 3070 3999 3072
147
0 2816 1338 2817
3977 2977 3999 2984
3861 2969 3970 2969
3909 3068 3910 3072
3995 3014 3996 3015
2023 2677 2024 2677
2007 2653 2010 2669
565 0 822 2780
1293 2909 1340 2931
2249 2998 2258 3010
2711 3161 2728 3168
1713 3536 1842 3537
2321 1247 2524 1255
3979 3029 3980 3034
2197 2956 2198 2957
2637 2364 2638 3001
148
3991 2997 3996 2999
2391 2412 2394 2413
3995 3011 3999 3011
3935 2865 3968 2867
2431 1256 2432 1272
2525 3172 2538 3175
1507 0 1770 2483
2329 3045 2340 3068
2739 3071 2750 3075
2717 3078 2728 3086
2771 3085 3860 3090
2799 3076 3860 3084
2129 2749 2134 2752
2127 2758 2128 2800
149
3861 3076 3900 3076
3989 3011 3994 3012
3941 3063 3944 3065
3941 3056 3942 3058
2031 2731 2142 2731
2273 2801 2288 2826
1311 3080 1330 3122
2711 3101 2728 3107
1225 3217 1240 3296
3981 3144 3984 3144
2795 3068 3860 3071
2779 3065 2786 3065
2109 2883 2228 2884
1789 3121 1794 3135
3997 2974 3999 2975
1843 3044 1852 3064
150
3861 2999 3986 2999
3861 3181 3908 3184
3973 3043 3980 3043
2359 2926 2414 2927
2639 2362 2640 2362
2121 2958 2198 2972
2229 2973 2234 2974
2341 3045 2352 3068
0 2840 1280 2841
2321 1256 2414 1272
3979 3166 3999 3167
1927 3004 1944 3012
3645 2618 3804 2633
2053 2925 2228 2926
3995 3094 3999 3094
3995 2965 3999 2966
151
2525 2359 2632 2361
3861 3098 3962 3102
1843 2869 1910 2900
2321 2258 2364 2405
2525 2363 2628 2364
1843 2992 1926 2996
2573 3166 2584 3178
2549 3198 2560 3213
1275 3217 1300 3239
2505 3044 2524 3086
1777 3116 1780 3122
2301 2801 2312 2829
3973 3024 3976 3024
2417 2954 2418 2954
1781 3107 1792 3108
152
2629 2363 2638 2363
3917 3082 3922 3084
3861 2973 3972 2973
3935 3060 3936 3061
3981 3075 3999 3077
1967 0 2000 2651
3209 2266 3616 2633
1843 3096 1854 3109
2643 2327 2644 2327
3905 3243 3908 3999
2391 2411 2400 2411
2721 3051 2728 3061
2321 1163 2524 1173
1269 3098 1292 3180
1313 2821 1332 2823
153
3973 3025 3976 3026
2009 2869 2108 2881
2413 2947 2414 2950
2399 2944 2412 2947
1357 2752 1384 2752
2623 3216 2636 3999
2243 2979 2272 2982
2765 1404 2800 1417
1773 3123 1780 3135
1287 3059 1550 3061
1311 2831 1332 2841
2099 2942 2154 2945
1933 3000 2228 3000
154
1843 2928 2052 2928
3861 3002 3986 3002
3861 3124 3960 3127
3861 3196 3940 3196
3991 3021 3994 3022
2193 2955 2196 2955
1793 3070 1810 3078
1917 3252 2228 3268
2209 2783 2228 2791
1773 2888 1778 3093
2729 3144 2756 3145
1295 2824 1310 2826
2099 2946 2152 2957
2801 3046 2808 3050
1281 2840 1282 2841
155
3989 3055 3990 3055
3959 3040 3960 3041
3971 3122 3972 3132
3987 3048 3994 3049
3993 3152 3999 3157
2669 1557 2760 3050
1217 3098 1266 3180
1551 3160 1718 3178
933 3297 992 3365
2221 2972 2224 2997
1889 3044 1920 3055
2243 2977 2272 2978
2333 2131 2336 2231
2801 3043 2816 3045
2007 2909 2010 2909
156
3957 3044 3962 3045
3961 2942 3962 2964
3861 2869 3918 2896
3955 3078 3956 3079
2229 2789 2320 2792
3979 3017 3982 3017
1793 3088 1800 3100
1301 3181 1316 3219
993 3217 1224 3296
1933 3271 2228 3277
1315 2868 1332 2887
1833 2888 1842 3011
2597 2981 2628 3001
1889 2950 2008 2955
2229 2874 2290 2875
1493 2818 1632 2820
157
2413 2930 2420 2940
3861 3078 3900 3078
2109 2910 2142 2924
3957 3060 3958 3062
1399 2737 1506 2737
1301 3375 1354 3999
2593 3210 2604 3217
1695 3533 1712 3537
1803 3230 1842 3234
2729 3152 2742 3169
2343 3040 2368 3044
2389 2421 2396 2897
1667 2885 1842 2887
3993 2974 3996 2976
158
3959 3082 3966 3086
3861 2971 3970 2971
3947 3072 3958 3072
3993 3031 3994 3032
2865 1480 3036 1504
1357 2758 1384 2758
2673 3101 2710 3162
3959 3062 3964 3062
2771 3093 2796 3097
2229 2975 2242 2975
3987 3020 3990 3020
3855 3187 3860 3190
2013 2956 2046 2957
3493 3444 3786 3999
3971 3185 3999 3186
3995 3091 3999 3093
159
3861 2995 3988 2996
2321 2125 2524 2130
2387 2427 2388 2897
160
3861 3000 3982 3001
3975 2969 3978 2971
3861 3092 3970 3093
3965 3074 3968 3075
3937 3087 3966 3089
3957 3041 3958 3041
2747 3138 2750 3141
1843 2683 1954 2693
1333 2821 1422 2825
3909 3079 3910 3079
1857 2799 1878 2868
2249 3030 2276 3051
2425 3076 2434 3999
2021 2680 2030 2680
2647 2327 2668 2327
3859 3186 3860 3186
161
3971 3052 3974 3053
2021 2670 2022 2676
3963 3147 3972 3150
3861 3068 3900 3071
1943 2910 2010 2924
2779 3051 2788 3059
1931 2998 1932 2999
1369 3391 1424 3999
1551 3533 1694 3537
1551 3123 1750 3135
1835 2785 1842 2795
2219 3015 2228 3024
2387 2418 2390 2420
2789 3066 3860 3066
1289 2832 1294 2833
2197 2955 2228 2955
162
2031 0 2034 2676
3861 3017 3978 3017
3861 3137 3936 3143
3975 3045 3978 3046
3963 3232 3999 3999
3981 3022 3982 3022
1465 3080 1474 3136
1507 2484 1770 2573
2711 3114 2728 3160
1119 3331 1192 3999
2291 2872 2294 2875
2199 2591 2204 2634
1907 3284 2228 3285
2213 2958 2214 2972
1343 2819 1348 2819
163
3911 3056 3914 3065
2109 2870 2122 2870
3969 3068 3970 3070
3981 3020 3982 3021
3987 3160 3999 3165
1331 2810 1338 2815
1301 3240 1334 3241
2191 2591 2198 2634
2595 3204 2604 3209
2713 3072 2728 3077
1843 3282 2228 3283
3971 2967 3974 2967
3861 2897 3918 2897
1293 3098 1310 3180
1349 2818 1492 2820
164
3907 3056 3910 3064
3995 3122 3999 3141
3947 3065 3958 3065
3955 3167 3956 3177
3971 3027 3972 3028
3963 3047 3966 3047
1843 2782 1850 2788
1341 2905 1550 2908
2215 2972 2220 2997
2415 1256 2430 1272
187 0 564 1692
2505 3211 2524 3216
2721 3062 2728 3063
2327 2888 2334 2897
3939 3080 3940 3081
1267 3097 1310 3097
165
3977 3020 3980 3021
3905 3199 3908 3242
3997 3014 3999 3016
2277 0 2288 2777
1843 2678 2018 2679
3991 3033 3992 3034
2059 2767 2108 2778
1943 2980 1958 2991
2225 2968 2228 2973
1779 3109 1784 3115
2349 3069 2364 3101
1513 3256 1532 3999
3997 3038 3999 3039
2229 2878 2298 2882
3981 3145 3984 3146
2031 2732 2142 2732
166
1339 2788 1356 2788
3905 3076 3908 3077
2027 2670 2028 2676
3861 3266 3904 3999
2229 2869 2286 2870
1335 3181 1480 3189
1781 3116 1788 3119
2587 3210 2592 3217
1807 3116 1818 3135
2743 3146 2764 3156
2789 1557 2800 3050
2011 2653 2030 2669
2031 2681 2034 2682
3985 3066 3986 3069
2301 2867 2320 2874
1973 2998 2228 2999
167
3861 2968 3968 2968
3979 2948 3988 2960
3965 3066 3970 3066
3977 3027 3978 3027
3929 3068 3946 3068
3981 3142 3982 3143
2753 3170 2760 3352
2243 2973 2272 2976
2563 3179 2572 3187
1399 2729 1506 2736
1959 2980 2120 2991
2741 3117 3860 3125
2425 2972 2448 3027
2321 2120 2524 2124
3549 3353 3786 3425
2239 2972 2316 2972
168
3989 2963 3992 2963
3861 3104 3962 3115
3975 3075 3980 3077
2229 2867 2288 2868
2321 2898 2338 2905
2153 0 2164 2619
3921 2781 3968 2826
2449 3093 2486 3105
1733 3147 1758 3151
2095 2783 2108 2868
2165 2626 2176 2741
2143 2731 2144 2732
2353 2914 2354 2929
1399 2738 1506 2743
3997 3037 3999 3037
169
2413 2943 2422 2943
3847 3170 3852 3186
2019 2678 2020 2679
1301 3256 1368 3270
2623 3101 2672 3162
2729 3109 2740 3113
1437 3376 1468 3387
2067 3004 2116 3024
2125 2808 2228 2814
2433 1256 2524 1272
2125 2738 2152 2741
2029 2677 2030 2677
170
3973 3027 3976 3027
2229 2799 2244 2799
3975 3094 3986 3121
2229 2970 2234 2970
3979 3025 3980 3025
2525 3158 2548 3164
2153 2742 2228 2754
1275 2932 1340 2941
2381 2994 2412 3006
2761 3078 2770 3084
3977 3168 3999 3172
3941 3061 3942 3062
3815 2913 3860 2915
2125 2733 2152 2737
3959 3170 3960 3171
171
3963 3048 3966 3048
3941 3158 3954 3177
3963 2942 3964 2964
3861 3083 3912 3090
3995 2991 3999 2991
3983 3040 3988 3040
1551 3136 1776 3138
0 3012 1274 3014
0 3217 992 3296
3811 3142 3840 3155
2741 3065 2746 3067
1997 2683 2030 2688
3991 3024 3999 3024
2125 2829 2228 2868
3991 2974 3992 2976
1933 2998 1972 2999
172
3963 3104 3964 3121
3925 3084 3934 3084
3973 3020 3976 3020
3927 3147 3962 3151
2009 2882 2108 2888
3989 0 3999 2853
1823 3033 1832 3044
2729 3126 2746 3128
2663 3209 2678 3217
2757 3062 2768 3067
2331 2854 2338 2879
1771 2433 1842 2573
2425 3028 2448 3042
1325 0 1338 2780
3997 2996 3999 2996
2313 2855 2320 2866
173
1341 2818 1342 2819
3957 3078 3958 3080
2313 2801 2320 2853
3977 3091 3986 3093
3971 3175 3974 3176
1551 3116 1772 3118
3957 3081 3958 3081
3817 3170 3846 3179
3827 2863 3860 2889
2361 2944 2364 2963
1315 2842 1332 2867
2047 3025 2072 3070
1463 3062 1550 3079
2435 3076 2448 3999
3973 3178 3974 3184
1359 2788 1364 2795
174
3979 3050 3984 3052
3861 3158 3940 3177
3861 3052 3946 3052
3967 3087 3968 3089
3915 3076 3920 3078
2771 3068 2784 3070
1871 2742 1878 2780
1927 3271 1932 3277
3917 3080 3920 3080
3515 3426 3516 3426
2435 2926 2524 2927
2167 2759 2204 2771
3805 2953 3814 2954
2839 2110 2864 2110
2053 2929 2054 2929
2257 2800 2320 2800
175
1843 2901 2008 2904
1339 2819 1340 2819
2301 0 2310 2182
3963 3051 3964 3051
3929 3065 3940 3065
0 3058 1282 3059
2253 2986 2270 2992
3995 3053 3999 3054
1661 3179 1744 3211
2505 3180 2514 3192
1803 3079 1810 3087
1843 3275 1926 3277
3901 3070 3904 3072
2343 2891 2350 2897
3967 3053 3968 3055
1321 2792 1338 2792
176
3861 3019 3976 3019
3861 3082 3910 3082
3961 3158 3962 3165
3947 3053 3950 3054
3959 3042 3960 3042
3861 2898 3918 2899
1823 3088 1830 3093
2743 3068 2750 3070
3989 2863 3999 2874
2245 2957 2276 2969
2449 3106 2480 3173
2277 3042 2316 3047
3493 3427 3786 3443
0 2820 1302 2820
3919 2928 3926 2941
3977 2965 3978 2966
177
2229 2795 2254 2795
3861 3041 3956 3041
3989 3006 3992 3007
3951 3054 3952 3055
3957 3052 3962 3052
3975 3065 3982 3065
0 2842 1292 2845
3861 2842 3934 2868
2001 3032 2028 3042
2059 2756 2108 2766
1833 2796 1842 2802
2711 3211 2728 3999
1833 3012 1842 3020
2299 2878 2320 2882
2193 2957 2196 2957
2021 2679 2022 2679
178
3861 2997 3988 2997
179
1843 2930 2052 2932
****************************
